#FID	IID	PC1	PC2	PC3	PC4	PC5	PC6	PC7	PC8	PC9	PC10
13B-587-68A	13B-587-68A	-0.0190638	-0.0132037	-0.00238844	-0.0180871	-0.0081804	0.0443842	-0.00558323	0.00836529	0.00567104	-0.00932655
14H-588-68B	14H-588-68B	-0.0226679	-0.00360902	-0.00220053	-0.0619315	-0.0160362	0.100219	0.010435	-0.0189602	0.0355558	0.0331941
176	176	-0.0182792	-0.0838311	0.0514185	0.0421551	-0.0139203	-0.0372569	0.0426903	-0.0701861	-0.0480221	-0.00934129
197A-381-68A	197A-381-68A	0.0206548	0.0079243	0.0273789	-0.0271553	-0.00528262	0.0410463	0.0307989	-0.00362902	0.00988556	-0.00568907
2	2	0.0269325	0.0479807	0.0750367	0.0123274	-0.209326	-0.00102909	-0.0984635	0.0413664	-0.106629	-0.041765
21-396-68B	21-396-68B	-0.0266664	-0.0243702	0.0063389	-0.0367894	-0.0239584	0.0717634	0.0225053	-0.00739311	0.0595245	0.0493056
226	226	-0.0175486	-0.0763239	0.0486338	0.0367431	-0.0162265	-0.0309552	0.0378443	-0.0579159	-0.0430897	-0.00836242
245	245	0.0220499	-0.0144162	0.0113703	-0.0153311	0.0188149	0.0414246	-0.0322343	0.0239894	0.036381	0.00866669
257A9	257A9	0.0378899	-0.0219452	0.0162746	0.00110797	0.0289676	0.0193556	-0.0434547	0.00875203	0.0605217	-0.00673044
34f	34f	-0.0308034	0.0037562	-0.0210377	0.0229588	0.000811095	0.0237476	-0.0102327	0.0461466	0.020694	0.000846247
442A-431-68D	442A-431-68D	0.0415091	-0.00953922	0.00269207	-0.00024496	0.0205377	0.00895518	-0.0250004	0.0444635	-0.00583668	0.0106119
469	469	-0.0277446	-0.0389443	0.0138306	0.0349845	-0.0135991	-0.00680656	0.0119381	0.015578	0.00650763	0.00736643
471_U6	471_U6	-0.00138847	-0.0194714	0.042325	0.00335296	-0.0746855	0.0207655	-0.0409454	0.0260017	-0.069734	-0.0293724
592	592	-0.0255479	-0.0281609	0.00459804	0.0220267	-0.0100642	0.00311667	0.00737512	0.014902	0.0149856	-0.00343955
789	789	-0.0250183	-0.0342927	0.0130831	0.0350591	-0.0142276	-0.006135	0.00845345	0.0156296	0.00429552	0.00494881
81-1	81-1	0.0743354	-0.0164287	0.01853	-0.0206725	0.0412409	0.0253208	-0.0445304	0.0301851	0.0140751	0.0140462
83610b	83610b	0.00452386	0.0411912	0.0176632	-0.116456	-0.0777694	-0.0696961	-0.0494168	-0.0326795	-0.056608	-0.0257418
83612b	83612b	0.00110368	0.0358949	0.013061	-0.0994039	-0.0689985	-0.0559602	-0.0480026	-0.0217448	-0.051052	-0.0247522
908	908	-0.0348758	-0.0107006	-0.0110586	0.0272774	-0.0111933	0.00232443	-0.00790725	0.0432518	0.0221637	0.000294216
A10579	A10579	-0.015866	0.0461877	-0.0301856	0.0386454	0.0263051	0.00652775	-0.00578126	0.0118509	0.0349218	0.00314981
A15	A15	0.101203	0.0261912	0.0602161	-0.00406253	0.04575	-0.00843319	0.0577149	0.0174416	-0.0085249	0.0533188
A632_sh2sh2	A632_sh2sh2	0.0845518	0.156265	0.0920206	0.060559	-0.196781	-0.015359	-0.00891522	-0.153847	0.109577	-0.0147162
A632_susu	A632_susu	0.0828899	0.150677	0.0902107	0.0568513	-0.19375	-0.0136209	-0.0118416	-0.143501	0.101363	-0.0104445
A648	A648	0.0874294	0.0413908	0.0805798	-0.00332764	0.0624949	-0.012052	0.149198	0.067351	-0.0557095	0.357908
A684su	A684su	0.00519652	0.033754	-0.00237094	0.0139342	0.0238308	-0.00735251	0.0183875	0.0380744	0.0116432	0.00732965
A685su	A685su	-0.000724091	0.0347596	-0.0083703	0.0190784	0.0244733	0.00104068	-0.00220269	0.0170198	0.00877077	0.0134413
A686su	A686su	-0.00158971	0.0314594	-0.00439426	0.0187538	0.0206557	0.00647144	-0.0009854	0.0116595	0.0087088	0.0130947
A7	A7	0.0939049	0.0149881	0.0575639	-0.00379351	0.0313445	-0.00854292	0.0328746	0.0098105	-0.00199179	0.0542633
ARZM_16_011	ARZM_16_011	-0.0276797	-0.0282371	-0.000775036	0.0235189	-0.0111873	-0.00264389	0.00364742	0.0237359	0.0116267	0.00557158
ARZM_19_051	ARZM_19_051	-0.0143881	-0.0179282	0.00818835	-0.0366368	-0.0129659	0.0750457	0.00395637	-0.0118868	0.0123557	0.00150687
ARZM_19_057	ARZM_19_057	-0.0104908	-0.0177832	0.0147257	-0.019352	-0.0168982	0.0464334	-0.00938688	0.00434523	-0.00495457	-0.00945987
ARZM_19_069	ARZM_19_069	-0.0153191	-0.00912548	0.000258015	-0.0251642	-0.00771107	0.061764	-0.00652919	0.0104096	0.0126924	-0.0109796
ARZM_20_005	ARZM_20_005	-0.0139232	-0.0141141	0.00643362	-0.0196492	-0.00742488	0.054438	0.00363209	-0.0057051	0.0107752	-0.00487887
ARZM_20_006	ARZM_20_006	-0.0121502	-0.0263089	0.0175351	-0.00759623	-0.0089256	0.034759	0.00146918	-0.00662615	-0.00228866	-0.00614244
ARZM_21_002	ARZM_21_002	-0.00843535	-0.0484348	0.0342051	0.0089906	-0.0105289	0.00202802	0.0123628	-0.0330566	-0.0182356	-0.0097686
ARZM_21_006	ARZM_21_006	-0.0258475	-0.0375209	0.0126806	0.0316883	-0.00467241	-0.009334	0.0149502	-0.000305862	0.000448961	0.00554228
ARZM_21_007	ARZM_21_007	-0.0144613	-0.0195622	0.00965052	-0.0255193	-0.0101204	0.0575317	0.00468153	-0.00380533	0.00962161	0.000298142
ARZM_21_008	ARZM_21_008	-0.00956363	-0.0381887	0.0231833	0.00154104	-0.0035691	0.0207111	0.00373026	-0.018005	-0.00992425	-0.0122065
ARZM_21_009	ARZM_21_009	-0.0195233	-0.0356102	0.0148918	0.02712	-0.00918963	-0.0266883	0.00531696	0.000672425	-0.00176682	-0.00284883
ARZM_21_013	ARZM_21_013	-0.0178212	-0.0365837	0.0182547	0.0273028	-0.00703064	-0.00307586	0.0164645	-0.0086177	0.00670566	-0.000178681
ARZM_21_014	ARZM_21_014	-0.0125455	-0.0340622	0.018443	0.0232159	-0.00326923	-0.00398923	0.00884952	-0.00776201	0.00293125	0.00181606
ARZM_21_018	ARZM_21_018	-0.0106309	-0.0244938	0.0171404	-0.0233282	-0.00890603	0.05248	0.00775999	-0.0183696	-0.00272163	-0.00608281
AS11	AS11	-0.0194582	-0.00516743	-0.00186832	-0.0484577	-0.0125245	0.0815095	-0.00772397	0.00621602	0.0135678	-0.0268862
AS12	AS12	0.0216141	-0.021902	0.00921016	-0.00274142	0.0194652	0.027662	-0.0453526	0.0176076	0.0415725	-0.0140947
Amarillo_dulce	Amarillo_dulce	-0.00583215	-0.0554353	0.0348784	0.0197102	-0.0116997	-0.00761148	0.0116029	-0.0205647	-0.0150099	-0.0055132
Andjar_Bekaa	Andjar_Bekaa	-0.00513852	0.0148084	-0.019996	-0.126869	0.00805123	-0.0518191	-0.0127396	-0.0302704	-0.00417642	-0.0150642
Atkinson	Atkinson	-0.00570191	-0.0248952	0.0288968	0.00495388	-0.0222374	0.0266821	-0.0102672	0.00221606	-0.0252026	-0.0130316
Aunt_Marys	Aunt_Marys	0.00125527	-0.0273564	0.0356058	-0.0057901	-0.0336841	0.0236655	-0.0186773	0.00220202	-0.0414777	-0.0151891
B5765	B5765	-0.0255524	0.0138442	-0.0213526	-0.0541302	0.0019147	-0.0365237	-0.00816274	0.019301	0.00495232	-0.0145037
B5870	B5870	-0.0179419	0.0178667	-0.0137423	-0.0045135	0.000365669	-0.00514464	-0.010401	0.0321099	0.0193512	0.00350279
B84_plus_su	B84_plus_su	0.0888326	0.0775175	0.0757766	0.0100056	-0.0568208	-0.0110118	0.0532224	-0.000907967	0.0101495	0.00999914
Banting	Banting	-0.00709399	-0.0571316	0.0397436	0.0160421	-0.00278238	-0.0102879	0.00897544	-0.0327008	-0.01899	-0.00993335
Baxters_Golden_Bantam	Baxters_Golden_Bantam	-0.028625	-0.0349525	0.0108244	0.0358259	-0.013507	-0.00723749	0.0074188	0.016365	0.00620467	0.00307719
Bi_10	Bi_10	0.145209	-0.074853	-0.21193	0.0183614	-0.0881586	0.0134433	0.0581108	-0.0375194	-0.0150363	-0.00479748
Black_Mexican	Black_Mexican	-0.00690191	-0.0547539	0.0345301	0.00812686	-0.0046102	0.00576502	0.00268463	-0.0272996	-0.012655	-0.00956987
Burnell_Golden_Bantam	Burnell_Golden_Bantam	-0.0215976	-0.0444012	0.0260291	0.020748	-0.0101991	0.00203375	0.0118596	-0.0135675	-0.0085049	-0.00171985
C12-1	C12-1	-0.025208	-0.0440975	0.0180109	0.037525	-0.00167135	-0.0392866	0.019341	-0.0261969	-0.0243895	-0.00757676
C13	C13	-0.00961344	-0.0664705	0.036779	0.0367259	-0.00283073	-0.0475409	0.0186556	-0.0445328	-0.0367776	-0.00688948
C15	C15	-0.0136054	-0.057925	0.035465	0.0167416	-0.0103865	-0.00314793	0.022697	-0.0321945	-0.0144058	-0.0064138
C1540	C1540	0.122005	0.067971	0.0996646	0.00386586	-0.040626	-0.0192911	0.0797896	-0.0198533	0.00573266	0.110056
C18	C18	-0.0211517	-0.0386253	0.0126956	0.0215826	-0.0112805	-0.00017847	0.00721215	0.00261567	-0.00161051	-0.00145098
C2	C2	0.0968514	0.0213656	0.0422966	6.20621e-05	0.0171922	-0.0176959	0.0844077	0.00960775	-0.0232647	0.0939547
C22	C22	0.0109125	-0.0777873	0.0512784	0.028189	-0.00491617	-0.0291634	0.00670494	-0.0462015	-0.0382551	-0.0136977
C23_su	C23_su	-0.0270675	0.0356521	-0.0281683	0.0285995	0.0140037	0.00469616	-0.0117189	0.0266445	0.0379859	0.00401464
C27	C27	-0.0309854	-0.0250109	0.000388568	0.0328208	-0.0112476	-0.00498591	0.0033762	0.0314023	0.011301	0.0030007
C27red	C27red	-0.0155947	-0.00820462	0.00331074	-0.0542813	-0.0146041	0.0908109	-0.00709442	0.000397124	0.0165255	-0.0271754
C3	C3	0.00679123	-0.0660793	0.0437376	0.0278695	0.000653722	-0.0274215	-0.00243405	-0.0267424	-0.0234356	-0.00960538
C30	C30	-0.0384502	-0.00258816	-0.0198273	0.043126	-0.00760381	-0.0101498	-0.0109367	0.0639024	0.030677	0.00686169
C38	C38	-0.0215848	-0.0680546	0.0338114	0.0391967	-0.0112036	-0.016243	0.0189735	-0.0274274	-0.00276345	-0.00192331
C4	C4	-0.0185786	-0.0664196	0.0333831	0.0376009	-0.00585812	-0.0499462	0.0298283	-0.0509456	-0.0426645	-0.00306033
C40	C40	-0.0177064	-0.0532201	0.0243243	0.00746949	-0.016932	0.0074585	0.028921	-0.015745	-0.000750185	0.00590155
C42	C42	0.0212171	0.00209088	0.0287995	0.00695031	-0.0510665	0.00886928	-0.0299541	0.00923736	0.00474704	0.0106279
C5	C5	-0.0151851	-0.0351433	0.0167355	0.029964	-0.00641598	-0.0265159	-0.00787625	0.0126159	0.000382857	0.000520813
C65	C65	-0.0166533	0.00368174	-0.000341338	0.0047233	0.0294264	0.0734235	0.00937783	-0.0279691	-0.0677397	-0.0176633
C68	C68	-0.0125378	0.000326572	0.00660462	0.00200017	0.034832	0.0834937	0.015727	-0.0451606	-0.0890427	-0.0215126
C68Rx552_63	C68Rx552_63	-0.0232144	-0.0157077	0.00212371	0.0182663	0.00764113	0.0375752	0.013478	-0.00297312	-0.0341801	-0.00289792
C6A	C6A	-0.0185934	-0.0598064	0.0328874	0.019899	-0.0123418	-0.00636743	0.0273472	-0.0309002	-0.00604628	0.00174387
C7	C7	-0.0237357	-0.0561873	0.0261099	0.031487	-0.0152672	-0.0138645	0.0254289	-0.0112252	-0.0104949	0.00526745
C7e	C7e	-0.0193361	-0.0537003	0.0279928	0.02535	-0.00551649	0.00249222	0.0269815	-0.0306408	-0.0229568	-0.00372891
C81	C81	0.0610119	-0.0565214	0.0523695	0.0165374	0.0653491	0.00835128	-0.0777162	-0.0213628	0.0424161	-0.0315107
C8pseudo	C8pseudo	-0.0148988	-0.0603913	0.0287652	0.0223384	-0.0157049	-0.00550402	0.0245112	-0.0164554	-0.00455817	0.00490068
C90	C90	-0.00314478	0.0559642	-0.0138749	0.0313338	0.0216534	-0.00984527	0.0057247	0.0306737	0.0230296	0.0617686
CHZM_08_129	CHZM_08_129	0.00610111	-0.0571305	0.0434555	0.00614285	-0.00392993	0.00132267	-0.0030127	-0.0285178	-0.0174691	-0.0183931
CI540	CI540	0.0972307	0.060192	0.0785623	0.00727719	-0.0324403	-0.00952455	0.0634896	-0.00446889	0.0113447	0.0949171
COES25A-1	COES25A-1	-0.0210105	0.00633742	-0.0167937	-0.00668545	0.00887155	-0.0310655	-0.00697829	0.00574425	0.00291604	-0.00519027
COES28A-1	COES28A-1	-0.0113507	0.000877933	-0.00949206	-0.0183218	0.00774713	-0.0531821	-0.00409604	-0.00580429	-0.00975953	-0.00564797
COES46A-1	COES46A-1	-0.0228063	-0.000514112	-0.010841	0.00928816	0.00647577	-0.0147656	0.00218599	0.00167971	-0.00360295	-0.00623467
CRC_61	CRC_61	-0.0130832	-0.0357168	0.00563144	0.016469	-0.0103968	-0.00282175	0.0141619	-0.00331746	-0.00953284	0.00664765
CTS62_Su	CTS62_Su	0.0938855	0.0724721	0.0815054	0.00832386	-0.0268259	0.00717082	0.0926286	0.0406563	0.00866686	-0.0408836
CTS6_1	CTS6_1	0.0933701	0.065117	0.0781249	0.00194694	-0.0196267	-0.00702184	0.100765	0.0355103	0.0102163	-0.027966
Chihuahua_151	Chihuahua_151	0.102281	-0.0437298	0.0503897	0.0017148	0.0939053	0.00012172	-0.127192	-0.00764851	0.0557903	-0.031091
Chile_332	Chile_332	0.0069919	-0.028704	0.0246949	-0.00766023	-0.00233334	-0.00976773	0.00180294	0.00385724	-0.00708747	0.00892889
Chile_335	Chile_335	-0.0212906	-0.0412591	0.0194804	0.0199594	-0.00843572	-0.000408835	0.0146021	-0.0101562	-0.00351745	0.00179252
Chile_339	Chile_339	-0.0125644	-0.0475959	0.030304	0.00586751	-0.00661941	0.00884065	0.00695629	-0.0261344	-0.0128547	-0.0117357
Country_Gentleman	Country_Gentleman	-0.0183523	-0.0094605	0.00269481	-0.0528368	-0.0143077	0.0850323	-0.00635654	0.00458614	0.0154357	-0.0265988
Cubano	Cubano	0.114243	-0.018424	-0.00617481	-0.00931984	0.0527762	-0.000847612	-0.0740804	0.054746	0.0231593	0.01267
Cuzco_suse	Cuzco_suse	0.0609408	-0.00153756	0.017168	-0.0211682	0.0415935	-0.0173273	-0.066686	0.0203167	0.0142373	-0.00163015
DF14	DF14	0.0886059	0.0438605	0.0783141	-0.00611369	0.0637799	-0.0108007	0.157347	0.0780726	-0.0397474	0.282011
Doce_de_Cuba	Doce_de_Cuba	0.115405	-0.0168047	-0.0128668	-0.0172407	0.0477449	0.000632836	-0.0842739	0.0613199	0.0106983	0.0069412
EP58	EP58	-0.0181014	0.0388515	-0.0186534	-0.0334452	0.00824954	0.0274259	-0.0121877	-0.0179324	0.0314443	-0.0110845
EP60	EP60	-0.0212244	-0.022827	0.00394305	-0.0280461	-0.0144277	0.0565975	0.00762852	-0.00264479	0.0133775	-0.0100435
EP61	EP61	-0.0289922	-0.0170974	-0.00692882	0.0174993	-0.00488617	0.0043344	0.00514543	0.0277676	0.0103478	0.00604723
EP62	EP62	-0.0292219	-0.0137176	-0.0107507	0.0183626	-0.00345497	0.0154162	-0.000673139	0.0300928	0.0119404	0.00523919
EP82	EP82	-0.0194377	0.0141566	-0.0155457	0.0145555	0.0065284	0.0044648	-0.0129784	0.0167106	0.0157405	0.00361773
EP83	EP83	-0.0301575	0.015675	-0.0257523	0.0162198	0.00462679	0.0137306	-0.0201699	0.0498115	0.023272	-0.000801705
EP84	EP84	-0.0213982	-0.00449032	-0.0124861	0.0169548	0.00302659	-0.00340421	-0.00582499	0.0359759	0.00403995	-0.0026816
EP85	EP85	-0.0193829	-0.00117305	-0.0198266	0.0188774	0.00748375	-0.0170335	-0.00320614	0.0413904	0.0106202	0.000883363
Early_Evergreen	Early_Evergreen	-0.0127384	-0.0170821	0.00714637	-0.0176198	-0.00959668	0.0507563	-0.00301657	-0.0036862	0.00275463	-0.0096292
Early_June	Early_June	-0.00496847	-0.0601089	0.0425832	0.0208797	-0.00284363	-0.0116339	0.0130588	-0.0371546	-0.0202492	-0.0110064
Eskisehir	Eskisehir	-0.0248063	-0.049088	0.0210245	0.0317435	-0.0100949	-0.0104741	0.0208223	-0.0128798	-0.00574965	0.00281368
F2	F2	0.0876224	-0.046181	0.0708933	0.00861998	0.0499992	-0.00817664	-0.0334711	-0.0509045	0.00701091	-0.0186947
F7	F7	0.0705803	-0.0619035	0.0629348	0.0150747	0.0454855	-0.0168715	-0.0337104	-0.0548698	0.00393975	-0.0149805
FL32	FL32	-0.00510275	0.0246121	-0.0194107	0.00259682	0.0047364	0.0103525	-0.000316333	0.0631488	0.0114924	0.000666745
FL52	FL52	-0.0329039	0.0101466	-0.0277137	0.0109396	0.00619683	-0.0251846	-0.00544894	0.0494192	0.0194538	-0.00665831
G8	G8	-0.025558	-0.0090493	-0.00278791	-0.0246558	-0.0131273	0.0613003	0.000846525	0.0160828	0.0348532	0.0020194
GMBAB	GMBAB	-0.0103631	-0.0702714	0.0517498	0.0239564	-0.0087296	-0.0184237	0.0286118	-0.0502278	-0.0350988	-0.0150396
GSSS_sh2	GSSS_sh2	0.0273052	0.00185571	0.033035	0.035406	-0.0200608	-0.0214113	0.0255938	-0.010889	0.0129443	0.00638222
GTS1	GTS1	-0.0174469	-0.00392965	0.00468591	0.0155898	-0.032141	0.0138064	-0.0261765	0.0387608	-0.0226394	-0.0152431
Glancaster_sh2	Glancaster_sh2	0.0249696	-0.00842699	0.035773	0.029565	0.000239091	-0.0244932	0.039917	0.00276119	-0.0112124	0.0207073
Golden_Bantam	Golden_Bantam	-0.0275377	-0.0511157	0.020584	0.0313148	-0.00976485	-0.0143294	0.0182116	-0.011077	-0.00223498	0.00263233
Golden_Bantam_WI	Golden_Bantam_WI	-0.0224387	-0.0577097	0.0251881	0.0299517	-0.00818278	-0.0102287	0.0177026	-0.0241153	-0.00516518	-0.000997636
Golden_Evergreen	Golden_Evergreen	-0.0162681	-0.0547996	0.0294081	0.019684	-0.00674905	0.00510033	0.0128156	-0.0219965	-0.00190158	-0.00315495
Golden_Gem	Golden_Gem	-0.0136145	-0.0714098	0.0445369	0.0256188	-0.00984919	-0.0251943	0.0265659	-0.0485902	-0.029712	-0.00908786
Golden_Giant	Golden_Giant	-0.0196022	-0.0391373	0.0194316	0.0181615	-0.00722432	0.00286423	0.0126004	-0.0081776	-0.00374062	0.00246491
Guanajuato_93	Guanajuato_93	0.116994	-0.0604268	0.0535553	0.0053661	0.0899372	-0.00279181	-0.12172	-0.0250287	0.0543752	-0.0355176
HI70	HI70	0.157209	-0.0859893	-0.24038	0.0170464	-0.110038	0.00311738	0.0872992	-0.0573628	-0.0213391	-0.0011236
HI74	HI74	0.154929	-0.078462	-0.226004	0.0193853	-0.101393	0.000847841	0.0836046	-0.0463228	-0.0200212	-0.000374916
HI76	HI76	0.0995633	-0.0279091	-0.128486	0.0219875	-0.103382	0.00887876	0.0151167	-0.0120815	-0.0081288	-0.0117561
HI78	HI78	0.13057	-0.0672803	-0.177772	0.0178954	-0.0772686	0.0145116	0.0600176	-0.0298582	-0.014787	0.00114175
HI79	HI79	0.126866	-0.0606339	-0.117495	0.0140932	-0.017524	0.00269256	-0.000932452	-0.0152175	0.00288767	-0.0129825
HI81	HI81	0.150122	-0.085144	-0.236882	0.0177164	-0.111476	0.0155072	0.0778053	-0.0517008	-0.021636	-0.00217901
HI82	HI82	0.107044	-0.033316	-0.0620869	-0.00566187	0.00907757	0.000271095	-0.0499537	0.0519303	0.00478016	-0.00283804
HawaiiSugar	HawaiiSugar	-0.0216602	-0.00170461	-0.00772407	-0.0433375	0.000607633	-0.0521452	-0.00255712	0.000194022	-0.00269143	-0.00790552
Hawaiian_Sugar	Hawaiian_Sugar	0.122299	-0.0355532	-0.0677784	-0.000124572	0.0292212	-0.00324355	-0.0562338	0.0546324	0.0175307	0.0140088
Hayes_White_Sweet	Hayes_White_Sweet	-0.0142899	-0.0293699	0.0227379	-0.0240369	-0.021159	0.0550089	0.00352124	-0.018908	-0.0116674	-0.0280137
Hi38	Hi38	0.140006	-0.0902493	-0.21624	0.0196974	-0.0861099	0.00992121	0.0620121	-0.047494	-0.0257388	-0.0176049
Hi38C1	Hi38C1	0.137724	-0.0861377	-0.218786	0.0213605	-0.0866041	0.0147868	0.0603355	-0.0448255	-0.0212337	-0.0165269
HiBTSYN3	HiBTSYN3	0.119635	-0.059204	-0.179526	0.0196205	-0.0773213	0.0146129	0.0470957	-0.0208694	-0.00894071	-0.00634559
HotevillaAzwhitesweetcorn_1	HotevillaAzwhitesweetcorn_1	0.0738044	-0.0663538	0.0598098	0.0157235	0.0763168	0.00700604	-0.0891477	-0.0323385	0.0453626	-0.0279543
Howling_Mob	Howling_Mob	-0.014287	-0.0432514	0.0248538	0.0104452	-0.0036656	0.0175156	0.00227467	-0.0196621	-0.0134937	-0.0105903
I108-2-2-2-2-1-1-1	I108-2-2-2-2-1-1-1	-0.0151748	-0.00519862	-0.00874156	0.01326	0.0106453	-0.0232547	-0.00750331	0.0134622	-0.0146791	-0.00114235
I112-1-1-2-1-1-1-	I112-1-1-2-1-1-1-	-0.0244399	0.00390713	-0.0164693	0.00443088	0.0112009	-0.0363714	-0.00538684	0.00531508	-0.00630594	-0.00986503
I136-1-1-1-1-1	I136-1-1-1-1-1	-0.000902129	0.00395732	-0.0242363	-0.00137033	0.0297475	-0.0204849	-0.0146367	-0.00563782	-0.0476617	-0.00190199
I152-1-1-1-1-2-1-1	I152-1-1-1-1-2-1-1	0.00790579	0.012674	-0.0402455	-0.0090925	0.0271675	-0.00672498	-0.0148721	0.0128294	-0.0244268	0.000118987
I182-1-2-1-1-1-1	I182-1-2-1-1-1-1	-0.016221	-0.00343132	-0.0123601	-0.00833668	0.0124491	-0.0465148	-0.000110085	-0.00779917	-0.028206	-0.00958405
I22-1-1-1-1-1-1	I22-1-1-1-1-1-1	-0.00706555	0.00653325	-0.0246832	0.000807755	0.00955886	-0.0157204	-0.00708329	0.00259322	-0.00460022	-0.00527805
I237-1-2-1-1-1-1-1	I237-1-2-1-1-1-1-1	-0.0298207	-0.0168775	-0.00513444	0.0311975	-0.00584598	-0.00936419	0.00079388	0.0238413	0.0138446	0.00199092
I31-1-1-1-2-1-1	I31-1-1-1-2-1-1	-0.013398	0.00688599	-0.0280235	-0.019585	0.00132297	-0.0235061	-0.00784869	0.0117121	-0.000977225	-0.00724317
I45	I45	0.00925232	-0.00538981	0.00640508	-0.00263373	0.00553938	0.0324765	0.00153677	0.0102276	0.0295898	-0.00765147
I58-1-2-2-1-1-1	I58-1-2-2-1-1-1	-0.0118977	0.00894356	-0.0139339	0.0010138	0.00921025	-0.0160189	-0.00138259	0.0128576	-0.000431718	-0.00367788
I817	I817	-0.0206586	0.0226727	-0.0192123	-0.00204903	0.00557649	0.0302961	-0.000836614	0.00334817	0.0475181	0.0213764
I9-1-1-1-1-1-1	I9-1-1-1-1-1-1	-0.0184953	-0.00189882	-0.0107306	-0.00999051	0.00345266	-0.0412215	-0.00293639	0.00517384	-0.0124549	-0.00645481
I94-1-1-1-1-1-1-1	I94-1-1-1-1-1-1-1	-0.0239278	0.00158681	-0.0135315	0.0104702	0.00791566	-0.0192243	-0.00555981	0.00929605	-0.0088052	-0.00395768
I97-1-1-1-1-1-1	I97-1-1-1-1-1-1	-0.0187931	-0.00506572	-0.00900938	0.0142758	0.00694677	-0.0174281	-0.00155735	0.0138195	-0.00325325	-0.0101813
IA2132	IA2132	-0.0133736	-0.0656151	0.0417906	0.0284349	-0.0125164	-0.017955	0.0339167	-0.0390354	-0.024776	-0.00255563
IL103a	IL103a	-0.0218415	-0.0125188	-0.000840815	-0.0411791	-0.0112774	0.0291623	0.00576525	0.00492169	0.0147149	0.00418814
IL104g	IL104g	-0.0167064	0.000947497	-0.00616714	-0.0282053	-0.00666567	0.0466256	0.000571901	0.012739	0.0287301	0.0139642
IL110K	IL110K	-0.0369604	-0.00695932	-0.0146235	0.0414942	-0.00815548	-0.00377437	-0.00840617	0.0584226	0.0263974	0.00567142
IL112t	IL112t	-0.0237585	-0.0245954	0.00425804	-0.0206777	-0.010609	0.0590369	0.0169047	-0.00303884	0.0278604	0.0150087
IL1171	IL1171	-0.0290416	-0.025355	-0.00239975	0.0199779	-0.0153387	0.00824528	0.00534864	0.030449	0.0231841	0.0160054
IL11D	IL11D	-0.017573	-0.0158914	0.00526969	-0.0432982	-0.0157772	0.0934349	0.00696626	-0.00304713	0.0147005	-0.00457092
IL124a	IL124a	-0.0092817	-0.0556134	0.0367239	0.0145478	-0.0116887	-0.00370839	0.0209992	-0.0278803	-0.0139376	-0.00186531
IL125a	IL125a	-0.0185649	-0.0261877	0.00700015	-0.0163371	-0.0122002	0.0538811	0.0104943	0.00610669	0.0254802	0.00297379
IL13B	IL13B	-0.014509	-0.0246989	0.00950625	-0.0261863	-0.0129821	0.0596124	-0.00209897	-0.00387216	-2.49978e-06	-0.0125077
IL14C	IL14C	-0.0222421	-0.0041858	-0.00235695	-0.0654825	-0.0153255	0.102534	0.0121852	-0.0196418	0.0388249	0.0343143
IL14H	IL14H	-0.0220203	-0.00431768	-0.00121812	-0.0650988	-0.0166682	0.104033	0.0109869	-0.0220518	0.0359299	0.0349235
IL18b	IL18b	-0.0190908	-0.00975717	-0.00362347	-0.051637	-0.0084342	0.0111968	-0.00977807	-0.00127591	-0.00679774	-0.0109631
IL200e	IL200e	-0.012727	0.000561352	-0.000366819	-0.0575041	-0.00387808	-0.0165723	-0.00163896	-0.0110478	-0.00656856	0.00886885
IL21f	IL21f	-0.0208796	-0.00898946	0.0012175	-0.0460028	-0.0136594	0.0882164	-0.00402314	0.00351835	0.0195744	-0.0246036
IL279AxRp1d	IL279AxRp1d	-0.0200812	-0.00990499	0.00029481	-0.0486064	-0.0123666	0.0903559	-0.00105586	0.00157528	0.0226202	-0.02311
IL27a	IL27a	-0.0172474	-0.0105381	0.00542366	-0.0546749	-0.0148567	0.0851448	-0.00790756	0.00268242	0.0156672	-0.0261362
IL303b	IL303b	-0.0229707	-0.0243449	0.00545714	-0.0103596	-0.0145896	0.0403345	0.0150326	0.0115247	0.0439841	0.0288758
IL318a	IL318a	0.0100244	-0.00025706	0.0125889	0.00161416	-0.00525047	0.0198463	0.0050168	0.0294808	0.0281617	0.0246344
IL31a	IL31a	-0.0213856	-0.00238095	-0.00497347	-0.0372033	-0.0116865	0.0814616	-0.00630034	0.0186421	0.0171341	-0.0232236
IL325a	IL325a	-0.00426124	-0.00223154	0.00610091	-0.0473368	-0.0106585	0.0886415	-0.00453334	0.0148313	0.0102741	-0.0226109
IL328a	IL328a	-0.0226059	-0.0202952	0.00368153	-0.0135964	-0.00777965	0.0475523	0.00986414	-0.00117214	0.00702653	-0.00315277
IL354a	IL354a	-0.00814161	-0.00980939	0.00699264	-0.0257377	-0.00307458	0.0761972	-0.00860247	0.0126574	0.0149173	-0.022342
IL366a	IL366a	-0.0154844	-0.00762654	0.00475179	-0.0589561	-0.0172989	0.10933	-0.00109574	0.0046579	0.0198101	-0.0320765
IL368a	IL368a	-0.0203522	-0.00409201	-0.00168985	-0.0803404	-0.0145746	0.0759164	-0.00599263	-0.0151613	0.00962356	-0.037183
IL369b	IL369b	-0.032307	-0.000914897	-0.0148365	0.00800793	0.00660257	-0.0502104	0.00657645	0.00428899	0.00821551	-1.81511e-05
IL370a	IL370a	-0.0192747	-0.00302354	-0.000515978	-0.0613544	-0.0124107	0.0976896	-0.00463165	-0.00184043	0.0208239	-0.0295383
IL393a	IL393a	-0.0134997	-0.0310557	0.0242136	-0.0515786	-0.0313151	0.0850928	0.0410375	-0.0250185	0.0674699	0.0776286
IL395a	IL395a	-0.00319296	-0.0253991	0.0251146	-0.0616613	-0.0198382	0.0701045	0.0437623	-0.0282468	0.0646578	0.0902836
IL430a	IL430a	-0.00620812	-0.000865526	0.00371549	-0.0538451	-0.00699125	0.0513801	0.0138446	0.00537666	0.0393626	0.0284846
IL437a	IL437a	-0.0157528	0.0451145	-0.0262664	0.0139562	0.0234783	0.0282516	-0.00468233	0.00640123	-0.0215203	0.0061918
IL442a	IL442a	0.0400475	0.0344304	0.00558055	-0.122236	0.0281691	-0.0587963	-0.00217707	-0.0279376	-0.0387974	0.0051169
IL44b	IL44b	-0.0230409	0.0014079	-0.00754844	-0.0747357	-0.0101946	0.0460366	-0.00946562	-0.00869133	0.00376737	-0.0322563
IL451b	IL451b	-0.0243722	-0.0227507	0.00248467	0.00779618	-0.0117622	0.0166925	0.00107275	0.0386082	0.0190398	0.00588623
IL453b	IL453b	-0.0326203	0.0150247	-0.0299799	0.0181232	0.00803151	0.0186267	-0.0162903	0.0504006	0.0188588	-0.000169235
IL454a	IL454a	-0.0186123	-0.00797045	0.00293506	-0.0523373	-0.0100256	-0.0113388	0.00787909	-0.00484184	0.0168565	0.00446981
IL465a	IL465a	-0.00881462	0.00261074	0.00295396	-0.054823	-0.00864769	0.0312128	0.00671999	0.00490924	0.0241407	0.00563093
IL47A	IL47A	-0.0191509	-0.00892323	0.00216289	-0.0519664	-0.0140373	0.0848564	-0.00526405	0.000821234	0.0151042	-0.0289198
IL515a	IL515a	-0.0288195	-0.0243533	0.00440851	-0.0338556	-0.0220461	0.0727492	0.0220735	-0.00511252	0.0652205	0.0443701
IL543c	IL543c	-0.0199614	-0.0186762	0.00231998	-0.0290778	-0.0117433	0.0671663	0.0118934	0.0035869	0.0288588	0.00860793
IL545	IL545	-0.00217668	-0.00998587	0.0146546	-0.0376078	-0.00869071	0.0599195	0.0248091	0.00634776	0.0181719	0.0132493
IL557a	IL557a	-0.00609639	-0.0154936	0.012228	-0.0240028	-0.00591683	0.0358066	0.0256027	1.0106e-05	0.0183791	0.0104425
IL607a	IL607a	-0.0153525	0.00598586	-0.00466717	-0.0813599	-0.00298759	-0.00193781	-0.00219515	-0.0154216	0.00124425	0.00798126
IL611a	IL611a	-0.0225832	-0.0111045	-0.00515063	-0.024586	-0.0155621	0.0601751	0.00851035	0.00932874	0.0344591	0.0177767
IL615a	IL615a	-0.0136869	-0.0106434	0.010084	-0.00665986	-0.0140863	0.0359157	0.0145949	0.0129542	0.0241128	0.0194669
IL618b	IL618b	-0.0185425	-0.0115842	0.00196112	-0.0115279	-0.0122757	0.0426131	-0.00397349	0.0232089	0.00731793	-0.0113188
IL648	IL648	-0.01872	0.0296175	-0.0270258	-0.0067549	0.0265729	-0.00445051	-0.0226473	0.0185878	-0.0157823	-0.00251545
IL661a	IL661a	-0.016693	-0.013307	0.000430055	-0.0221193	-0.00893717	0.0636165	0.00950881	0.00173994	0.016366	0.00614959
IL671a	IL671a	-0.037306	0.00438088	-0.0229036	0.0429682	-0.000309398	-0.00377512	-0.0112427	0.0533957	0.0166602	0.00606758
IL673a	IL673a	-0.0180286	-0.0512336	0.0238229	0.0133079	-0.0151195	0.00462201	0.028688	-0.013123	-0.00395648	0.00886022
IL676a	IL676a	-0.0113719	0.00505391	0.000107793	0.020128	-0.000465734	-0.00905545	0.0021638	0.024981	-0.0118819	0.012409
IL677a	IL677a	-0.0139632	0.0243538	-0.0201525	-0.161463	0.00346941	-0.0687747	-0.0169321	-0.0431004	-0.0228879	-0.0261623
IL678a	IL678a	-0.00658582	0.0120359	-0.0122274	-0.120964	0.00943013	-0.0142715	-0.0157832	-0.0297756	-0.0119762	-0.0121231
IL689a	IL689a	-0.030078	-0.0147356	-0.00653297	0.0233134	-0.0114124	0.00429209	-0.00670783	0.0474969	0.02966	0.00936963
IL692c	IL692c	0.0211774	0.00643035	0.00451793	0.0169242	-0.00788129	0.00168556	-0.0359852	0.036753	0.00140176	-0.000607399
IL696a	IL696a	-0.00044437	0.028326	-0.0108935	-0.0610135	-0.00442365	-0.0119459	-0.0149747	0.0125739	-0.040911	0.026509
IL699e	IL699e	-0.0136652	0.0214673	-0.00488052	-0.00588409	0.00343351	0.0477247	0.0160683	-0.0112809	0.0529416	0.0261204
IL7	IL7	0.0153682	-0.00402891	0.000998074	-0.0803845	0.0134152	0.0214745	-0.0290274	-0.00859716	0.0131991	-0.0130386
IL701e	IL701e	0.00653872	0.000518657	-0.00238466	-0.0613024	0.0125744	0.0214865	-0.0233443	0.00424179	0.0165703	-0.00656945
IL707a	IL707a	0.0476844	-0.0297267	0.0404961	0.00270003	0.00841258	0.0170684	-0.00649768	0.00979133	0.00707433	0.00804253
IL713a	IL713a	-0.0272168	-0.0248515	0.00516978	-0.0254405	-0.0216274	0.0661842	0.0222952	-0.000782532	0.0617165	0.0452532
IL729a	IL729a	-0.0413553	0.00479546	-0.0270038	0.0451572	-0.00564595	-0.0114591	-0.0141126	0.0735212	0.0378787	0.0077714
IL731a	IL731a	0.0493637	-0.0228855	-0.0962964	0.023905	-0.0155019	0.0113987	0.0162395	-0.00948116	-0.0159164	0.0013948
IL733a	IL733a	-0.00625399	0.00579792	-0.000992854	-0.0614867	-0.00581013	0.0460847	0.00458323	-0.00500467	0.00815083	0.0112655
IL744a	IL744a	-0.00914344	0.0172832	-0.0109916	-0.109693	-0.00460126	-0.0323731	-0.0151377	-0.0257612	-0.00839566	-0.0160639
IL747b	IL747b	-0.0166416	0.00168077	-0.00634103	-0.0878639	-0.00185598	-0.0399256	-0.00923702	-0.0345232	-0.0252923	-0.0228488
IL751a	IL751a	-0.0317417	0.00563378	-0.0203521	-0.0379847	-0.00451963	-0.0278626	-0.00698427	0.0164101	0.0121285	-0.00231964
IL755a	IL755a	-0.0122505	0.00930841	-0.00364003	-0.115502	-0.00525363	-0.0461262	-0.00835896	-0.0450515	-0.00696661	-0.00830241
IL757b	IL757b	0.00193496	-0.0127395	-0.00671081	-0.0326924	0.00130878	0.0568023	-0.0102739	-0.00551426	0.0383414	0.018712
IL761a	IL761a	0.00673068	-0.0012646	0.00933345	-0.0191758	-0.00241887	0.0181968	-0.00321068	0.0234182	0.0174877	0.00799266
IL764b	IL764b	-0.0158059	0.00570574	-0.0135619	-0.0971993	-0.00241894	-0.0143118	-0.00670703	-0.019002	0.00790736	-0.000589095
IL765a	IL765a	-0.0147826	-0.0122021	0.0064466	-0.0826443	-0.0158046	0.0630085	0.00371461	-0.0253993	-0.000417416	-0.0140688
IL766a	IL766a	-0.017175	0.0173403	-0.0135056	-0.167976	-0.0019101	-0.0674963	-0.00837993	-0.0573456	-0.01067	-0.0158436
IL767b	IL767b	-0.0077458	0.0204554	-0.00278241	-0.119573	-0.00341038	-0.0268107	-0.00173117	-0.0284631	-0.00459375	-0.0107442
IL772a	IL772a	-0.00933624	0.00572426	-0.000459395	-0.0864403	-0.00798243	-0.000562195	-0.0098471	-0.0225304	-0.00916736	-0.0140049
IL773a	IL773a	-0.00390821	7.2664e-05	0.000333236	-0.0554899	0.00178232	0.0312548	0.00429246	-0.00842385	0.0213087	0.0224143
IL776a	IL776a	-0.008218	0.00604316	-0.00354103	-0.0725204	-0.00322045	-0.00764199	-0.00248183	0.00355885	0.00697843	0.00971795
IL777a	IL777a	-0.0166799	0.00663635	-0.00803662	-0.114333	-0.00298662	0.00618277	-0.0144506	-0.0261779	-0.00817778	-0.0267258
IL778c	IL778c	-0.00869817	0.0188639	-0.00639496	-0.143181	0.00265367	-0.0564213	-0.00216936	-0.0428841	-0.0176509	-0.0206972
IL778d	IL778d	0.0134766	0.0220371	0.00445423	-0.153298	0.00662047	-0.0778736	0.0179731	-0.0448259	-0.0268169	-0.0302726
IL779a	IL779a	0.0228	0.0220088	0.0149765	-0.185645	0.00600516	-0.0906964	0.0284348	-0.0628682	-0.0311084	-0.03113
IL788a	IL788a	-0.0174957	0.000340078	-0.00670369	-0.0720592	-0.00539686	0.0397553	-0.00773048	-0.00915927	0.0046636	-0.0181137
IL789b	IL789b	0.0540076	-0.0311053	-0.0414335	-0.0435842	0.00275758	-0.0220887	-0.0266538	-0.00657623	-0.0106865	-0.0177387
IL793a	IL793a	0.0298825	0.0405057	0.0297475	-0.0585753	-0.00715044	-0.0149456	0.00427072	0.0707648	-0.0681919	0.10115
IL794a	IL794a	0.0193758	0.0247736	0.0155256	-0.0295296	-0.0158559	0.0130219	-0.00300945	0.0300182	-0.0159733	0.0483271
IL795a	IL795a	-0.00735785	0.0156231	-0.00755175	-0.117875	-0.0034089	-0.0485412	0.00243182	-0.0318798	-0.0194095	-0.00690381
IL796a	IL796a	-0.0092366	0.0198644	-0.00972449	-0.149316	0.00293314	-0.0601463	-0.00152547	-0.0449123	-0.00836745	-0.0215659
IL797a	IL797a	-0.00274987	0.0123153	9.36148e-05	-0.081476	-0.00613877	-0.0133595	-0.00441318	0.0082304	-0.010232	0.0181289
IL798c	IL798c	-0.00874217	0.0178178	-0.00651659	-0.148629	-0.00193007	-0.0664457	-0.000720294	-0.0475629	-0.0117828	-0.0234549
IL799b	IL799b	0.00493582	0.0221627	0.00177425	-0.0807516	-0.0100408	-0.0249805	-0.00766912	0.0240218	-0.0376638	0.0467234
IL800a	IL800a	0.0108355	0.0172558	0.00213595	-0.0787496	-0.0106622	-0.0279778	-0.00760377	0.0256767	-0.0434819	0.0443521
IL801a	IL801a	0.0182812	0.0268695	0.0153431	-0.0851277	0.018779	-0.036398	0.0605945	0.0254145	-0.00136961	-0.0923319
IL802b_Ht2	IL802b_Ht2	0.00865933	0.0408468	-0.00255625	-0.147928	-0.00279023	-0.0690102	-0.0204125	-0.0629995	-0.027084	-0.0217319
IL803a	IL803a	0.0218528	0.0333741	0.0142672	-0.107558	-0.00126531	-0.0551984	0.00814355	-0.0141396	-0.0578332	0.0591469
IL804aHTN	IL804aHTN	0.0338351	0.0337536	0.0126072	-0.141412	0.0143847	-0.0594468	0.0222074	-0.0335856	-0.0342932	0.0189188
IL86e	IL86e	-0.0268841	-0.0200583	-0.000863699	0.000837571	-0.0119461	0.0114554	-0.00203979	0.0260822	0.0100837	0.00261218
IL91j	IL91j	-0.0232575	-0.0150988	-0.00357687	-0.0230356	-0.0120027	0.0506049	0.0072177	0.00946894	0.0442769	0.0222835
ILB5765	ILB5765	-0.0248062	0.00625516	-0.0169427	-0.0390831	-0.00121892	-0.00831042	-0.00844397	0.0186329	0.00759778	-0.0126438
ILB5870	ILB5870	-0.0140836	0.0225271	-0.02287	-0.0146396	0.00285582	0.00242799	-0.0123494	0.0360326	0.00479954	0.00356625
ILB6011	ILB6011	0.0311996	0.041193	0.0310069	-0.0605781	-0.00763493	-0.0187474	0.00440383	0.0704275	-0.0713351	0.104086
IP39	IP39	-0.0414059	0.00294231	-0.0257159	0.0481161	-0.0070633	-0.0149954	-0.0133878	0.0758163	0.0389987	0.00853036
Ia2003	Ia2003	-0.0274731	0.00631297	-0.0162329	0.0143534	-0.00356057	0.00794953	-0.010335	0.0446637	0.0338363	-0.000195132
Ia2076	Ia2076	-0.0309593	-0.0136016	-0.00702021	0.0408717	-0.010686	-0.0160639	-0.00795328	0.0500727	0.0276786	0.00584699
Ia2256	Ia2256	-0.033298	0.00884253	-0.0262159	0.00969773	0.0031363	-0.0184218	-0.00552977	0.0493466	0.025999	-0.00554542
Ia2730	Ia2730	0.00320111	0.00108489	0.0117583	-0.0471005	-0.0134508	0.0768243	0.00607841	0.00515019	0.00641696	-0.0179283
Ia4189	Ia4189	-0.0157681	-0.00807652	0.00316038	-0.0538775	-0.0144439	0.0904967	-0.0072598	0.000619499	0.0162282	-0.0268394
Ia453WT	Ia453WT	-0.0324861	0.0154291	-0.0308506	0.018981	0.00880582	0.0194045	-0.0167359	0.0511397	0.0175783	-0.00072942
Ia453sh2	Ia453sh2	-0.0297845	0.0215273	-0.0298681	0.0222316	0.0091806	0.0194878	-0.0165756	0.0414637	0.0232212	-0.000170039
Ia453su1	Ia453su1	-0.0330275	0.0150213	-0.0304955	0.0184913	0.00801548	0.0189574	-0.0165973	0.0516767	0.0187184	-0.000552254
Ia45_1	Ia45_1	0.0663975	-0.0470243	0.0480483	-0.00215262	0.0450125	-0.00565642	-0.0553035	-0.00046267	-0.00321779	-0.00243844
Ia45_2	Ia45_2	-0.0184248	0.0331933	-0.0149622	0.017891	0.0130923	0.0181705	-0.00675919	-0.00386922	0.0364976	0.00547216
Ia45_3	Ia45_3	-0.0147699	0.0418687	-0.0192451	0.0208696	0.0178213	0.0179279	-0.00946345	-0.00279577	0.0343504	0.00697152
Ia5125	Ia5125	-0.0269163	0.0131318	-0.0153141	0.0178348	0.00867471	-0.0357342	-8.58079e-05	0.00699061	0.0166841	0.00957715
Ia5125B	Ia5125B	-0.0140317	0.0790203	-0.0264588	0.0531454	0.0308007	-6.91581e-05	-0.0135457	-0.0256012	0.0447918	0.0120703
Ia5145	Ia5145	0.0151415	0.0544159	-0.00666749	0.0221473	0.0282535	0.0231135	-0.00929171	0.00691729	-0.00180471	0.0187052
Ia5220	Ia5220	-0.0130129	-0.067601	0.0436769	0.0285927	-0.0130052	-0.0191567	0.0360931	-0.042026	-0.0263913	-0.00283272
Ia5261	Ia5261	-0.0155354	-0.00784909	0.00440388	0.0159039	-0.00249844	0.0116529	0.00986128	-0.0111764	0.0106475	9.63031e-05
Ia59	Ia59	-0.0215669	-0.0669441	0.0365647	0.0279748	-0.0132316	-0.0158798	0.02675	-0.0350654	-0.0188802	-0.000879487
IaEV3002	IaEV3002	0.00605023	0.0175671	-0.00172813	-0.0130056	0.00306153	0.0440225	0.0106322	0.0339331	0.00695772	-0.000251851
IaEV3004	IaEV3004	0.000881384	0.00488398	0.0105652	-0.0542268	-0.00734312	0.0892898	0.0282959	0.00485316	0.0287365	0.0211879
IaEv191	IaEv191	0.0146556	0.017825	0.00424254	-0.0190145	0.00268674	0.0498862	0.016189	0.0300868	0.00255822	-0.00141709
If825	If825	-0.00618586	0.0835954	-0.031716	0.0518161	0.0470542	0.00289598	-0.0146971	-0.0343024	0.0143915	0.0115516
If853	If853	-0.0230349	0.0206987	-0.0288013	0.0250594	0.0190383	0.0294332	-0.0183887	0.0372837	-0.00408305	-0.00169392
Il101T	Il101T	-0.0264969	-0.0425682	0.0173953	-0.000155673	-0.02362	0.0306997	0.0287384	-0.0123808	0.0370386	0.0305856
Ill101Q	Ill101Q	-0.0220173	-0.0381853	0.0161313	-0.0187432	-0.0190143	0.0560328	0.0287607	-0.0231799	0.0235935	0.034849
Ind_5817	Ind_5817	-0.0243327	0.00750904	-0.0175041	0.00454503	0.012758	-0.0513696	-0.00802863	0.00921955	0.0119734	0.00177057
Jubileeex9017	Jubileeex9017	-0.0184848	0.00715844	-0.0102691	0.0187635	-0.00513851	0.0102327	-0.00816917	0.0490565	0.0222166	0.0161054
K1-1-1-1-1-1-2-1-1-1	K1-1-1-1-1-1-2-1-1-1	-0.00169872	-0.00318505	-0.0109019	0.00152735	0.0047344	-0.0259437	-0.00243095	0.0206186	-0.00337058	-0.00545968
K104-1	K104-1	0.017934	0.0148512	-0.0315027	0.00397233	0.031162	-0.0182266	-0.00994178	0.0260348	-0.00238083	-0.00509765
K105-1-1-2-1-1	K105-1-1-2-1-1	0.0229199	0.0483196	0.06848	0.0151147	-0.199775	-0.00137825	-0.0940976	0.0346264	-0.0885633	-0.0386068
K113-2-1-2-1-1	K113-2-1-2-1-1	-0.0187136	0.0118242	-0.0147851	0.00106696	0.00758885	-0.00521761	-0.0060517	0.0239686	-0.00524346	-0.0194497
K115-11-1-1-1-1-1-1B-1	K115-11-1-1-1-1-1-1B-1	-0.0172871	0.00681965	-0.0131096	0.00520945	0.00323403	-0.00173024	-0.0059872	0.0276253	-0.0058076	-0.000555802
K120-1-1-1-1-1-2-1	K120-1-1-1-1-1-2-1	0.00852263	0.00936171	-0.0253636	0.0149589	0.0270461	-0.0071194	-0.00534984	0.0105963	-0.0202901	0.0050396
K127-1-1-1-2-1-1-1-1	K127-1-1-1-2-1-1-1-1	0.00128775	0.00298745	-0.0272735	0.0155102	0.0242004	-0.0130146	-0.00983459	0.0120698	-0.0187614	0.00273682
K15-1(X9)	K15-1(X9)	0.00785667	0.0136972	-0.0234685	-0.00783025	0.0298145	-0.0233685	0.00106269	-0.0169653	-0.0139472	-0.00646146
K164-1-1-1-1-1	K164-1-1-1-1-1	-0.0128629	0.0131573	-0.019062	0.00055791	0.00727791	-0.00127431	-0.00821765	0.0256902	-0.00705784	-0.00927765
K169-1-1-1-2-2	K169-1-1-1-2-2	-0.0130762	0.0043301	-0.0100636	-0.00422668	0.00797238	-0.0251431	-0.00321974	0.00649195	-0.0141656	-0.0121433
K192-1-1-1-1-1-1-1	K192-1-1-1-1-1-1-1	-0.0160635	-0.00101939	-0.0053876	0.00767578	0.00495965	-0.0327086	-0.00389794	0.0108019	-0.00964877	-0.00326251
K43-1-1-1-1-1-1-1	K43-1-1-1-1-1-1-1	-0.00131327	0.00780322	-0.0240417	-0.00320231	0.0214565	-0.0244787	-0.0176037	0.00652441	-0.0314792	-0.000322863
K52-2-1-1-1-1	K52-2-1-1-1-1	-0.00640084	0.0100564	-0.0265472	0.00281617	0.0130534	-0.0141674	-0.0172074	0.0193941	0.00289607	-0.00482265
K88-2-1(x4)-2-1	K88-2-1(x4)-2-1	0.020814	0.0603433	0.0310131	0.0338624	-0.121904	-0.000560101	-0.0600543	0.0191116	0.0109578	-0.0258083
L108-1-1-1-1-1-1	L108-1-1-1-1-1-1	0.0084555	-0.0104804	-0.0485065	0.00829273	0.0025888	-0.0244471	-0.00011829	-0.000723577	-0.0183803	-0.000872085
L108-2-1-1	L108-2-1-1	-0.00426557	0.0122015	-0.028991	-0.0156574	0.0131479	-0.0249885	-0.01016	0.0080534	0.00756718	-0.000521516
L125-1-1-1	L125-1-1-1	-0.0204806	0.0166515	-0.0194119	-0.00324916	0.0156805	-0.0269516	-0.00423663	-0.000175208	-0.0129411	-0.00231999
L17-1-1-1-1-1	L17-1-1-1-1-1	-0.00015738	0.00651981	-0.0166886	-0.0182443	0.0154421	-0.0227285	-0.0158963	-0.000666034	0.00215048	-0.00518726
L185-1-1-1-1-3-1	L185-1-1-1-1-3-1	-0.0164908	0.0111904	-0.0176205	-0.00351876	0.0131591	-0.0202527	-0.00447191	0.012368	-0.0058094	-0.012351
L25-1-1-1-1-1	L25-1-1-1-1-1	-0.00364221	0.00989866	-0.0249105	-0.00779429	0.00719027	-0.0141242	-0.0240576	0.0228184	-0.00103272	-0.00691536
L48-1-1-1-1-1	L48-1-1-1-1-1	-0.00495082	0.00126935	-0.0314416	-0.0142485	0.00738355	-0.0328593	-0.00903712	0.00407841	0.00460094	-0.0096578
Late_Mammoth	Late_Mammoth	-0.0115203	-0.0174041	0.00799782	0.00493564	0.0012732	0.0301184	-0.00184724	-0.00387025	-0.0169382	-0.00917229
Luther_Hill	Luther_Hill	-0.0139066	-0.0305519	0.0235408	-0.0284513	-0.0198561	0.0499406	0.0030033	-0.0232023	-0.0148245	-0.0329714
M126-1-1-1-2-2-3-1-2-1	M126-1-1-1-2-2-3-1-2-1	-0.018029	0.000425928	-0.00917296	0.00080774	0.00223062	-0.0249885	-0.00459075	0.0151523	-0.00398707	9.75508e-06
M23	M23	-0.0228406	-0.0479294	0.0234246	0.0354769	-0.0121151	-0.011107	0.0234735	-0.0144301	-0.00379399	0.0073768
M31-1-1-1-1-1-1	M31-1-1-1-1-1-1	-0.0184474	0.000573472	-0.0134304	-0.0112788	0.00533265	-0.03051	-0.00653787	0.0118941	-0.0118763	-0.0107427
M5	M5	-0.0188521	-0.003887	-0.00108209	-0.051175	-0.0129815	0.0867008	-0.0056074	0.00300548	0.0119991	-0.0226637
M6388	M6388	-0.0161587	0.0408267	-0.028956	0.0298617	0.0270358	0.0224662	-0.0062365	0.00996646	0.0248706	1.08259e-05
M6411	M6411	0.0115556	0.000359092	0.0214675	0.0247235	0.0158147	0.00411894	0.0631165	0.0087384	0.0225562	-0.0448254
M6421	M6421	0.00529084	-0.0139919	0.0195879	0.00799596	0.00550182	0.0161184	0.0277295	-0.00695973	0.00844718	-0.0194495
M822	M822	0.00778369	-0.0183832	0.0130907	-0.0150468	-0.00108841	0.0359287	-0.00569824	0.000541255	0.00291417	-0.00827434
M90-1-1-1-2-2-1-1	M90-1-1-1-2-2-1-1	-0.01099	-0.0111824	-0.000818777	0.00399358	0.00764397	-0.0284071	0.00489658	0.00186613	-0.0248973	-0.00321226
MDM-1	MDM-1	-0.0217381	-0.051668	0.0257928	0.0239076	-0.0107447	-0.00813388	0.0213954	-0.0226368	-0.00802504	-0.00122965
MDM-5	MDM-5	-0.00412533	-0.00318319	0.0047993	0.00443889	-0.00185531	0.0345518	0.000417581	0.0366409	0.0115824	-0.00520926
MDM_1	MDM_1	0.0234437	0.0456303	0.0692872	0.0162643	-0.198319	-0.00150948	-0.0950357	0.0367735	-0.0914261	-0.0398293
MDM_12	MDM_12	0.0400942	0.0213856	0.0369909	0.0312199	-0.0752955	-0.017776	-0.0823584	0.0695553	-0.025843	-0.00493049
MDM_15	MDM_15	0.0219207	0.0514516	0.0481828	0.0303545	-0.151835	0.00132339	-0.0719333	0.0485826	-0.0356661	-0.0359356
MDM_16	MDM_16	0.0327325	0.0737161	0.046217	0.0294517	-0.166189	-0.0043238	-0.075381	0.0196209	-0.0054267	-0.0346767
MDM_18	MDM_18	0.0302227	0.070702	0.0419747	0.0315353	-0.160597	-0.00230239	-0.0747206	0.0218455	-0.00236699	-0.0353135
MDM_19	MDM_19	0.0373099	0.0392485	0.0749788	0.0210423	-0.184052	0.00367485	-0.102297	0.0760102	-0.103694	-0.0404773
MDM_2	MDM_2	0.0377936	0.0693022	0.0684664	0.037525	-0.179138	-0.0188858	-0.0785315	0.027221	-0.0400192	-0.021297
MDM_20	MDM_20	0.0610057	0.0564584	0.0833182	-0.0260825	-0.151109	-0.00544208	-0.0550755	0.101143	-0.156192	0.0789694
MDM_21	MDM_21	0.0280553	0.0346539	0.0691831	0.0224007	-0.184578	0.00277892	-0.0997321	0.0794892	-0.103463	-0.0510675
MDM_23	MDM_23	0.0421574	0.0271644	0.0431576	0.032793	-0.0887355	-0.0197129	-0.0760877	0.0642097	-0.0253986	-0.00441938
MDM_6	MDM_6	0.0427005	0.0207218	0.0395474	0.0172581	-0.0738113	-0.00544874	-0.0755767	0.0585104	-0.0269153	-0.015074
MDM_8	MDM_8	0.0354264	0.0366174	0.0655433	0.0161046	-0.160817	0.00414619	-0.103336	0.0812153	-0.0911738	-0.0444971
MDM_9	MDM_9	0.0497486	0.05454	0.072364	-0.0171216	-0.157622	-0.00393121	-0.0683167	0.0921863	-0.143499	0.0529027
MR10	MR10	0.0343416	-0.0354364	0.0412344	0.012525	0.0165023	0.00633718	0.000639895	-0.0240674	0.00233143	-0.00604694
MR14	MR14	0.0135472	-0.0514047	0.0532964	0.0199701	0.00785693	0.000642221	0.0195521	-0.0472248	-0.00971426	-0.0117372
MSR_su	MSR_su	0.10821	-0.00140586	0.0191742	-0.0253036	0.040475	-0.0073604	-0.0638975	0.0412224	0.00100077	0.00681625
Ma2402	Ma2402	-0.0280588	-0.0471274	0.016504	0.0357651	-0.00787666	-0.0156119	0.0175745	-0.00977002	-0.00411362	0.00294516
Ma32	Ma32	-0.0311013	-0.0327073	0.00370236	0.0386148	-0.00819786	-0.0169031	0.00737654	0.0179484	0.00550463	0.0037652
Ma401	Ma401	0.00463285	0.00149251	0.0171148	-0.0250398	-0.00464156	0.0493527	0.00895713	0.00892799	0.00164686	0.00182866
Ma5125	Ma5125	-0.014953	0.0537272	-0.0165945	0.0510019	0.0241325	-0.0137842	-0.00973937	-0.0114769	0.04223	0.00998561
Ma83608	Ma83608	0.000517757	-0.011916	0.0423183	0.029994	-0.0773805	-0.041464	-0.016562	-0.0421155	-0.0420224	-0.0255007
Maiz_Amarilla_Evergreen	Maiz_Amarilla_Evergreen	-0.0124804	-0.0148881	0.00604095	-0.0153702	-0.00844427	0.0551984	0.00432407	1.04468e-05	0.0096734	-0.0114435
Me1	Me1	-0.0142386	-0.025262	0.00628648	-0.0209425	0.00312027	-0.0111285	-0.00482345	-0.0168197	-0.00920002	-0.00618146
Me100	Me100	-0.0159772	-0.0772798	0.0506204	0.0234429	-0.0194086	-0.019909	0.0303456	-0.0507232	-0.0392966	-0.00531549
Me121Wa	Me121Wa	-0.0178124	-0.0677736	0.0428709	0.0220511	-0.0181704	-0.0145298	0.0247585	-0.0399062	-0.0320335	-0.00476412
Me121_wb	Me121_wb	-0.0253916	-0.0138502	-0.0099586	0.0203281	-0.00272298	0.00816439	-0.00246933	0.0339422	0.021717	0.00264387
Me123	Me123	-0.0174401	-0.0699649	0.0439566	0.0228077	-0.0181036	-0.0152726	0.0255841	-0.0406559	-0.0315274	-0.00516256
Me135	Me135	-0.0273216	-0.0380849	0.0123456	0.0391611	-0.0117532	-0.0118264	0.00903923	0.0199069	0.00519151	-0.000730752
Me2	Me2	-0.0195818	-0.0351846	0.00590026	0.0441536	-0.00364037	-0.0415757	-0.00299456	0.0266216	0.0133216	0.00167594
Me244Wa	Me244Wa	-0.0229365	-0.0042072	-0.00547751	-0.00604129	-0.00673822	-0.00281557	0.00216925	0.0206705	0.0138376	0.0040021
Me244Wb	Me244Wb	-0.0170761	-0.0695402	0.0423223	0.0233297	-0.0142006	-0.0102701	0.023116	-0.0395962	-0.0258201	-0.00311755
Me2rt	Me2rt	-0.0261107	-0.025743	0.000151285	0.0394877	-0.00460326	-0.0285274	-0.00432147	0.0316197	0.0178723	0.000212381
Mexican_Dent_sh2	Mexican_Dent_sh2	0.0196221	0.034896	-0.00468493	0.0196395	0.0423589	0.0280797	0.00639717	0.00240038	-0.00336366	-0.00305087
Millersburg_Red_Sweet_No2	Millersburg_Red_Sweet_No2	-0.024263	-0.0415852	0.0147132	0.0271823	-0.0130101	-0.00954935	0.00999434	0.00700722	0.0039953	0.00342052
Mo17su_su	Mo17su_su	0.0814939	0.0299484	0.0579656	-0.00151087	0.0461444	0.00865571	0.0889712	0.0496816	-0.00532193	-0.0419817
Moencopi_Pueblo	Moencopi_Pueblo	0.0633157	-0.0654523	0.0623473	0.0103124	0.0637987	0.0166265	-0.0823725	-0.0389104	0.0311979	-0.038966
N11-1-2-1-1-1-1-1-1-1	N11-1-2-1-1-1-1-1-1-1	-0.0234578	0.00850187	-0.0191444	0.00512206	0.00714765	-0.0164457	-0.00605116	0.03055	0.0124487	0.0032326
N120-1-X-1-1-1-1-1-3	N120-1-X-1-1-1-1-1-3	-0.0202771	0.0134484	-0.0239808	-0.00902699	0.013786	-0.0247827	-0.0068879	0.0188387	0.00344788	-0.00479074
N12A-1	N12A-1	-0.0122293	0.0180941	-0.0129982	0.00128296	0.0196537	0.00288989	-0.00540707	-0.000430702	-0.0281113	-0.00394679
N132A-1	N132A-1	-0.027059	0.00198256	-0.0137964	-0.0217936	0.00795001	-0.0719388	0.000110653	-0.00823816	0.00395972	-0.000724478
N142A-1	N142A-1	-0.0204711	0.00327526	-0.0128097	-0.0149111	0.0012194	-0.0195896	-0.00427991	0.0186687	0.00495349	-0.00606187
N38-2-1-1-1-1-1-1	N38-2-1-1-1-1-1-1	-0.00740448	0.0292965	-0.0305425	0.000893416	0.0167227	-0.00284538	-0.0222065	0.00180604	-0.0218883	-0.0079254
N45A-1	N45A-1	-0.0162291	0.0186895	-0.0209284	-0.00221038	0.0131271	-0.0223868	-0.0113464	-0.00582134	-0.0279499	0.00279904
N46A-1	N46A-1	-0.00820411	0.0207395	-0.0328764	-0.0186794	0.02029	-0.0399426	-0.00867098	-0.00835491	-0.0181865	-0.0015166
N72A-1	N72A-1	-0.00144282	0.0116346	-0.0268588	0.00199205	0.00930346	-0.00198238	-0.0181596	0.0283515	-0.0125908	-0.000855758
N7C-1	N7C-1	0.00145858	0.0164789	-0.0369316	-0.00894222	0.0229413	-0.010821	-0.0227902	0.0153616	-0.0316024	0.00139189
N99-1-1-1-1-1-1-1	N99-1-1-1-1-1-1-1	-0.0198782	0.0157482	-0.0179359	-0.00680945	0.010601	-0.037187	-0.00340172	0.00970274	0.000647935	-0.00288675
ND1	ND1	0.0543535	-0.0375197	0.0603058	0.0154462	0.0360652	-0.00663644	-0.0047115	-0.0501655	-0.0136631	0.00240672
NE_EDR_sh2	NE_EDR_sh2	0.0397859	-0.0138374	-0.0365091	0.00228527	0.00709481	-0.00492359	-0.0311278	0.03334	0.00417991	0.00429119
NE_HY_13A	NE_HY_13A	0.0223199	0.0201322	0.0244906	0.00932259	0.0287083	-0.000707604	0.0502132	0.0469782	0.00382599	0.0567185
NE_HY_13b	NE_HY_13b	0.0118487	0.0123174	0.0308073	0.0154557	-0.0358022	-0.0132689	0.0269652	-0.00327132	0.00380862	-0.0155994
NJ112	NJ112	-0.00960231	0.0836923	-0.0308338	0.0500793	0.0400604	-0.00413463	-0.0120314	-0.0308018	0.0380135	0.0161537
NJ116Wa	NJ116Wa	-0.00191845	-0.010539	0.00555931	0.0112309	0.00334371	-0.00723919	-0.00160475	0.0207233	-0.00675027	0.00767295
NJ116Wb	NJ116Wb	-0.00799038	-0.0363669	0.0213329	0.0171643	-0.0162411	-0.000303011	0.00453008	0.0111398	-0.00777312	-0.00231928
NJ159	NJ159	-0.0219422	-0.0379758	0.0148959	-0.0143333	-0.0180434	0.0513492	0.0276806	-0.0210121	0.0214569	0.0325987
NJ618	NJ618	-0.0232068	0.00455815	-0.00558029	0.0368788	0.0144606	-0.0270637	0.00692361	-0.0112941	0.00953204	0.00961003
NJ7Y	NJ7Y	0.0499644	-0.0348039	0.0484866	0.0093581	0.011079	-0.00232893	0.0110533	0.00164846	-0.00975459	0.0226298
Narino_430	Narino_430	0.142256	-0.0247794	-0.0541063	-0.0129725	0.0489212	-0.00635099	-0.0887828	0.0602561	0.0107728	0.0103152
No_156	No_156	-0.0221183	-0.0156871	0.00139225	0.00182573	-0.00807125	0.0265417	0.00111947	0.0122913	0.0103727	-0.00351184
No_1577	No_1577	-0.00653542	-0.066514	0.0444642	0.0129611	-0.00487061	0.0111447	0.00109145	-0.043485	-0.0137419	-0.0212398
North_Dakota_Yellow_Sweet_Bulk	North_Dakota_Yellow_Sweet_Bulk	-0.00812084	-0.0674141	0.0441049	0.0259767	-0.00351772	-0.0238701	0.0212645	-0.0481218	-0.0204846	-0.0125798
Northrup_King_Strain9316	Northrup_King_Strain9316	-0.0238532	-0.0226483	0.00568319	0.0086415	-0.0095615	0.0288606	0.00515759	0.0094661	0.00486934	-0.0035423
Nueta	Nueta	0.0389602	-0.0737327	0.0741041	0.0209657	0.0299729	-0.00509911	-0.00361805	-0.0716561	-0.0114315	-0.0215199
Nueta_Sweet_Corn	Nueta_Sweet_Corn	0.0162015	-0.0510696	0.0446661	0.019568	0.0207291	-0.0016314	-0.0103999	-0.0319899	-0.00478052	-0.0146273
OH43_sh2	OH43_sh2	0.0873589	0.0422229	0.0583514	-0.00571934	0.0219396	-0.00373564	0.083545	0.0387523	-0.00413367	0.123799
Oh43_su	Oh43_su	0.0912332	0.0368847	0.0859749	-0.00815498	0.0594132	-0.0161767	0.147611	0.0705771	-0.0634057	0.371261
Olcott	Olcott	-0.0103844	-0.0616595	0.0426791	0.0191889	-0.0109989	-0.00483417	0.0122914	-0.0356342	-0.0248388	-0.0122764
Oregon_Evergreen-2	Oregon_Evergreen-2	-0.0113408	-0.0217584	0.0139572	-0.0167223	-0.00881169	0.0501957	-0.00197586	-0.00308783	-0.00624992	-0.00869848
P35	P35	-0.0393131	-0.00904987	-0.017111	0.0478062	-0.00980952	-0.012731	-0.0073056	0.0658471	0.0335238	0.0104031
P39	P39	-0.0389819	-0.0088284	-0.0167762	0.0450259	-0.0100157	-0.0121881	-0.00702716	0.0637636	0.0333988	0.00974174
P39Goodman-Buckler	P39Goodman-Buckler	-0.0385559	-0.016601	-0.0116833	0.0474451	-0.0127219	-0.0121176	-0.0028482	0.0601351	0.03184	0.0111558
P39M96	P39M96	-0.033485	-0.0134324	-0.00995674	0.0383875	-0.0107128	-0.0104648	-0.00443881	0.0524785	0.0196713	0.00451387
P39xRp1d	P39xRp1d	-0.040023	0.00138349	-0.0239509	0.0461167	-0.00696839	-0.0106514	-0.0127303	0.074461	0.0397385	0.00882064
P51	P51	-0.0291758	-0.0418501	0.013257	0.0292222	-0.0209282	-0.00756046	0.0193691	0.0112721	0.0173514	0.013788
P51wx	P51wx	-0.0202701	-0.0567745	0.0307311	0.0213946	-0.011768	0.00168999	0.023704	-0.0227886	-0.0175522	-0.00300928
P51xRp1d	P51xRp1d	-0.0211974	-0.0555317	0.023703	0.0195992	-0.0203897	0.00343669	0.0314169	-0.010738	-0.00183267	0.0086833
P737M20	P737M20	0.015413	0.0303306	-0.00284851	-0.00271466	0.0110381	0.0118109	0.00752064	0.0566155	0.0152237	0.0265992
PAIA_453	PAIA_453	-0.0263164	0.0156256	-0.0294573	0.0213651	0.0127118	0.0186646	-0.00990243	0.0463918	0.0227176	-0.0027912
Pease_Crosby_Sweet_Corn	Pease_Crosby_Sweet_Corn	-0.0134608	-0.0572941	0.0418045	0.0239703	-0.0181596	-0.00122547	0.00636369	-0.0411577	-0.0140071	-0.0122766
R839	R839	-0.0213527	-0.0187406	0.00324365	0.0305386	-0.0047791	0.00183203	0.00453578	0.0111795	-0.00265682	0.00325374
R851	R851	-0.0170852	-0.00659645	0.000693052	0.0288701	0.00349908	0.00472349	0.00314318	0.00994035	0.00484495	0.0040435
R853	R853	-0.0228359	0.0210198	-0.0274808	0.0252544	0.0203753	0.0303817	-0.018368	0.0359146	-0.00788526	-0.00193687
Ranniaya_Zolotaya_401	Ranniaya_Zolotaya_401	-0.0149255	-0.0684346	0.0430106	0.0317049	-0.00843102	-0.0271186	0.0298057	-0.0498835	-0.0330044	-0.00722016
Raza_Maiz_Dulce	Raza_Maiz_Dulce	0.139907	-0.0242469	-0.0496578	-0.0101854	0.0468234	-0.00387293	-0.0756339	0.0513602	0.0346949	0.0108055
Red_NCLB	Red_NCLB	0.0188438	0.0132909	0.0100681	-0.0261043	0.00153936	-0.0194086	0.00488493	0.0228528	-0.00552212	0.00886641
Rhode_Island_Sweet	Rhode_Island_Sweet	-0.0213762	-0.0631778	0.0283938	0.0319577	-0.00592253	-0.00955117	0.0128952	-0.0282705	-0.00106152	-0.0018668
S4	S4	-0.0169659	-0.0158467	0.0112783	-0.00335099	-0.0213463	0.0370756	-0.00485628	0.000200975	-0.00277175	-0.0198604
S43	S43	-0.0215135	-0.0472818	0.0247299	0.0147666	-0.0117427	0.0106087	0.0117605	-0.0142167	-0.0111169	-0.00613624
S8	S8	-0.0189392	-0.0329488	0.0211858	-0.0118502	-0.0190128	0.0335723	0.00444879	-0.0161237	-0.0146882	-0.0227375
SC1441	SC1441	-0.028067	0.00806263	-0.0229869	0.0173062	0.00664631	-0.0107614	-0.00461923	0.0471158	0.0191477	-0.000942255
SC6069	SC6069	-0.0217839	-0.000540897	-0.00871103	0.0114496	-0.000400836	0.00767722	-0.00296698	0.025783	0.017322	0.00274057
SD176	SD176	-0.0205593	-0.0720397	0.0413287	0.039314	-0.0116607	-0.0299015	0.0344798	-0.0556769	-0.0392247	-0.00770702
SD226	SD226	-0.0147925	-0.0841229	0.0577889	0.0375616	-0.0181267	-0.0407551	0.0451791	-0.0706206	-0.0517601	-0.0100209
SD277	SD277	-0.0356897	-0.0118727	-0.0124794	0.0318097	-0.00803489	-0.00788019	0.000857908	0.0405806	0.0245532	0.00815675
SD42	SD42	-0.0326123	-0.0224257	0.000129319	0.0345195	-0.0114678	-0.00127906	0.00415613	0.0326728	0.0234281	0.00864002
SD469	SD469	-0.0278518	-0.03803	0.0123701	0.0302236	-0.0130595	-0.00759022	0.012152	0.00853484	0.00621519	0.00468906
SD592	SD592	-0.0247468	-0.0335855	0.00973838	0.022481	-0.0124148	-0.00420346	0.0123248	0.00574888	0.00513357	-0.00467655
SD789	SD789	-0.0244696	-0.03785	0.0164952	0.0399004	-0.0152	-0.011012	0.0108278	0.0140547	0.0018062	0.00760612
SD829	SD829	-0.0266809	-0.0374135	0.0124391	0.0392593	-0.00887167	-0.0214812	0.0122403	0.00740534	-0.00335719	0.00178625
SD883	SD883	-0.0376631	-0.0119938	-0.0133469	0.0403817	-0.00928105	-0.00956617	-0.00290629	0.0523713	0.0260964	0.00809153
SD884	SD884	-0.0347141	-0.0192373	-0.0090485	0.0424479	-0.00882885	-0.013266	-0.00133333	0.0396571	0.0222689	0.00849564
SD908	SD908	-0.032955	-0.00738141	-0.0129137	0.0255458	-0.00695362	-0.00224226	-0.00803594	0.0390099	0.0228469	0.00144108
SD909	SD909	-0.0364368	-0.00501205	-0.0180695	0.0427158	-0.00583533	-0.00879315	-0.0102253	0.0600369	0.0310765	0.0079889
STRAIN11D-586-68A	STRAIN11D-586-68A	-0.0147833	-0.0210129	0.0116519	-0.0523118	-0.0188767	0.103965	0.0113024	-0.0111358	0.0126252	-0.00558258
STRAIN18B-5-69	STRAIN18B-5-69	-0.0183328	-0.00418314	0.000160854	-0.0574491	-0.0128025	0.103327	-0.00368703	0.000518012	0.0256469	-0.0277984
STRAIN304A-408-68B	STRAIN304A-408-68B	-0.0137837	-0.0173799	0.0159938	-0.0365091	-0.0203945	0.0766747	0.0247489	-0.000488447	0.0302688	0.028313
STRAIN451B-4-68B	STRAIN451B-4-68B	0.0981789	-0.0253105	-0.0668917	0.00268758	0.0172912	0.00161094	-0.0403992	0.0478724	0.0299024	0.00627506
STRAIN675A-415-68B	STRAIN675A-415-68B	-0.0128816	-0.0181448	0.0142772	-0.0400012	-0.0206914	0.0773401	0.0138012	-0.00601175	0.033666	0.0141318
STRAINT20-2-68B	STRAINT20-2-68B	-0.0278708	-0.0216269	0.0046725	-0.0401771	-0.0245275	0.0809105	0.0247577	-0.00825036	0.0731861	0.0546462
STRAINT24-395-68B	STRAINT24-395-68B	-0.0276335	-0.0292756	0.00840044	-0.0397109	-0.0245459	0.0782052	0.0260385	-0.0116428	0.0696252	0.0497873
STRAINT32-397-68B	STRAINT32-397-68B	-0.0258432	-0.0300042	0.0121875	-0.0512703	-0.0302015	0.0911979	0.0302782	-0.0167835	0.0786001	0.0616112
STRAINT33-399-68B	STRAINT33-399-68B	-0.0271361	-0.0313072	0.0103706	-0.0413451	-0.0249974	0.0799996	0.029935	-0.0160369	0.06727	0.0568777
STRAINT35-388-68A	STRAINT35-388-68A	-0.023964	-0.00520732	-0.00293905	-0.0207084	-0.0105574	0.0599283	0.0186622	-0.00627567	0.0589676	0.0481954
STRAINT36101T-394-68	STRAINT36101T-394-68	-0.026288	-0.0319965	0.0134806	-0.0503327	-0.0289075	0.0926247	0.0350558	-0.0249452	0.0770507	0.066722
SYN2sh2	SYN2sh2	0.046159	-0.0105544	-0.0590704	0.00323381	-0.000112202	-0.000904789	-0.0240356	0.0352525	0.00293002	0.00757238
Selection_from_231227	Selection_from_231227	-0.0132427	-0.0598045	0.037325	0.0215808	-0.00607346	-0.016627	0.0184026	-0.0307246	-0.0217918	-0.00386653
Separation_from_170882	Separation_from_170882	0.0690489	-0.00515555	0.0429389	0.00450254	0.037312	-0.0032089	0.0037606	0.00603932	0.0087125	0.00512892
Separation_from_177107	Separation_from_177107	0.051662	-0.0541233	0.0448709	0.00488829	0.032542	-0.0146828	-0.0238187	-0.0220492	-0.0145878	-0.00257473
Separation_from_177589	Separation_from_177589	0.0668694	-0.0412784	0.0420055	0.00111963	0.0383233	-0.00394238	-0.0437129	-0.00288733	-0.00307776	0.000106518
Separation_from_177604	Separation_from_177604	-0.0157993	0.0544129	-0.027134	0.038812	0.0476026	0.0501346	-0.011675	-0.0224452	-0.0818612	0.00398378
Separation_from_177642	Separation_from_177642	0.0541152	-0.044324	0.0480136	-0.000123207	0.0341019	-0.00510439	-0.0480234	-0.00586808	-0.00898194	-0.00322042
Separation_from_183739	Separation_from_183739	0.010858	-0.0396752	0.027967	-0.00889119	0.00859431	0.0204309	-0.00652859	-0.0121858	-0.00513395	-0.00984095
Separation_from_183742	Separation_from_183742	0.0441459	-0.0317937	0.0358039	0.00399161	0.0199136	0.000180214	-0.022126	0.00565613	-0.000856424	0.00120042
Separation_from_204812	Separation_from_204812	0.0165254	-0.0194055	0.0132189	0.0220274	0.0118977	-0.00794715	-0.0290474	0.0379214	0.0218002	0.00682584
Separation_from_212335	Separation_from_212335	-0.0185718	-0.0269204	-0.000769408	0.0288765	-0.0126469	-0.0162723	0.00154697	0.0428463	0.0242407	0.00632576
Sh2-m1_plus	Sh2-m1_plus	0.0558342	0.0358097	0.0491628	-0.00264589	0.0108612	0.00356961	0.104503	0.0545283	0.00277783	-0.0448518
Silver_9	Silver_9	0.141357	-0.0682369	-0.190078	0.0130132	-0.0784059	0.0127984	0.0621712	-0.0306418	-0.0164307	-0.00036041
Slatka_Pukanka	Slatka_Pukanka	-0.00667006	-0.0356683	0.0147331	0.0147542	-0.00217316	-0.0016516	0.0122079	0.00832781	-0.00495327	0.00244913
Sonora_108	Sonora_108	0.116648	-0.0542458	0.0585094	0.00032915	0.108019	-0.0064577	-0.146902	-0.0067857	0.0683894	-0.0408797
Sonora_124	Sonora_124	0.10405	-0.0526336	0.0559372	0.00450568	0.100649	0.00278234	-0.141284	-0.0109126	0.070378	-0.0397865
Sonora_22	Sonora_22	0.115443	-0.0660617	0.0711939	0.00354696	0.110769	-0.00390662	-0.153696	-0.0263966	0.0651668	-0.0497787
Sonora_57	Sonora_57	0.0998039	-0.0472057	0.0453253	0.0051782	0.0949596	0.00243475	-0.126297	-0.00255251	0.0625893	-0.0337676
Stowels_Evergreen	Stowels_Evergreen	-0.0135382	-0.020701	0.00938176	-0.0252437	-0.00929308	0.0676934	1.74515e-05	-0.00716403	0.0132888	-0.00150792
Strain_T32_397_68r	Strain_T32_397_68r	-0.0275835	-0.024014	0.00662352	-0.0428419	-0.0260082	0.0831411	0.0239691	-0.00774998	0.0720998	0.0540401
Sunshine	Sunshine	-0.022523	-0.058921	0.030883	0.0334538	-0.00849085	-0.0203768	0.0243192	-0.0325782	-0.0244845	-0.00867509
T-24-56-ILL	T-24-56-ILL	-0.0142604	0.0149121	-0.032388	0.0115187	0.00731466	0.00414347	-0.0137379	0.0326174	-0.00997947	-0.0077764
T625	T625	0.0539441	-0.0133681	0.0090512	-0.00446948	0.0229269	0.0057572	-0.0229888	0.0411871	-0.0135501	0.0127071
T64S	T64S	-0.0177439	-0.00842243	-0.00017077	-0.0178561	-0.00607682	0.0549589	-0.00326334	0.00900543	0.0127134	-0.0101947
Tawaktci	Tawaktci	0.0209096	0.0251234	-0.0115712	0.0270003	0.0197067	-0.00461439	-0.040859	0.0285664	0.00566466	0.00745953
Tesuque_Pueblo	Tesuque_Pueblo	-0.0126679	-0.00935437	0.00158867	-0.000742284	-0.0005312	0.0159289	-0.00209446	0.0106491	-0.00208198	-0.0044869
UFI2EDbt1-1	UFI2EDbt1-1	-0.0213147	-0.0125399	-0.00211089	0.0308533	0.0047876	-0.0170187	0.00980873	0.00779673	0.00455289	0.00130627
UFI9EC	UFI9EC	-0.00432564	0.00428228	-0.0050717	0.0173585	0.00548812	0.00659138	-0.00293112	0.00807899	0.00988509	-0.00193877
V775	V775	-0.0285782	0.00481838	-0.016579	-0.0279162	0.0102361	-0.0609881	-0.000633866	-0.0170712	-0.0128971	-0.00398514
V781	V781	0.00987988	-0.0673729	0.0549905	0.0249495	0.00907145	-0.0169189	0.0191664	-0.0539589	-0.0238653	-0.00562278
VIA5492	VIA5492	-0.0168502	-0.0057842	-0.00886537	-0.0446901	-0.00564973	0.0364686	-0.000116459	0.00387235	0.0201411	-5.07171e-05
VIII_221	VIII_221	0.080475	-0.0100659	0.0415063	0.00324762	0.0395859	-0.0101622	-0.00627646	-0.00668716	0.0153178	0.0215606
Vineland576	Vineland576	-0.0200405	-0.0576169	0.0249126	0.029474	-0.0114111	-0.0196208	0.0212221	-0.0196468	-0.00931173	0.00230168
W22wx1	W22wx1	0.108733	0.0501585	0.0673418	-0.0186519	0.0284174	-0.0194359	0.111543	0.0343052	-0.00318833	0.0859373
W23ae1	W23ae1	0.101443	0.0362399	0.0489095	-0.038648	0.0199892	-0.0228975	0.0508581	0.0031508	-0.0305248	0.113326
W3607	W3607	-0.0148217	-0.0162225	0.00500006	0.0176181	-0.00898206	0.0103014	-0.00340235	0.0422752	0.0147237	0.000161374
W3647	W3647	-0.0167871	-0.0600303	0.0339172	0.00695641	-0.0150021	0.00565721	0.023163	-0.031622	-0.0110027	-0.00255557
W3722	W3722	-0.0205751	0.0037167	-0.0108961	0.00445461	-0.00128792	0.00496774	-0.00792326	0.0150783	-0.00192022	-0.0098459
W3742	W3742	-0.0210466	-0.0155669	0.00291586	0.0342079	-0.0106203	-0.00520896	0.00674944	0.036747	0.00959865	0.0109112
W5543	W5543	-0.027963	0.0168299	-0.0222225	0.0423096	0.00964062	-0.0159738	-0.00723007	0.0376875	0.0320305	0.00667323
W5552	W5552	-0.0116237	-0.00695665	0.00743915	0.0056522	-0.00764155	0.021057	0.0055124	0.0201402	0.0204553	0.0113821
W5579	W5579	-0.0105444	0.0262387	-0.0131795	0.0450905	-7.15178e-06	-0.0255999	-0.00207135	0.0457882	0.0252844	0.00744561
W6366	W6366	-0.0250429	0.0158437	-0.0181973	0.0292908	0.00790007	0.00135319	-0.0119807	0.0253381	0.025898	0.00361621
W6462	W6462	0.0437744	0.0348701	0.0296614	-0.0276884	-0.000120645	0.000939157	0.0171904	0.0905359	-0.0491688	0.0567259
W64A	W64A	0.100542	0.0780402	0.0902254	-0.00934125	0.0612153	0.00579003	0.301555	0.16699	0.0156016	-0.332757
W64Abt2	W64Abt2	0.0954822	0.0755716	0.0864647	-0.00701107	0.0592575	0.00825447	0.283888	0.161858	0.0173973	-0.314064
W64Asu2	W64Asu2	0.110402	0.083093	0.100103	-0.0123257	0.0648128	0.005273	0.327491	0.173202	0.0127062	-0.360522
W6714	W6714	-0.018296	0.00869787	-0.00318464	0.022676	-0.00214443	0.00620644	-0.00401274	0.0163902	0.0286865	0.00305169
W6720-1	W6720-1	-0.0362622	0.00530793	-0.0215091	0.0387125	-0.00517381	-0.00652476	-0.0118659	0.0561511	0.0343088	0.00628784
W6720_2	W6720_2	-0.0329008	-0.00147083	-0.0156869	0.0305936	-0.00490467	-0.000655309	-0.00601796	0.0416673	0.0267816	0.00522889
W6728	W6728	-0.0279155	0.0343112	-0.0285302	0.0285812	0.0133218	0.00695207	-0.0118428	0.0283317	0.0382511	0.00407567
W6757	W6757	-0.0207419	0.0288112	-0.0191241	0.0378979	0.00897978	-0.00813489	-0.00401989	0.0445751	0.031978	0.0308397
W6786	W6786	-0.0119108	0.00689369	-0.00094476	-0.00467218	-0.00508399	0.0399555	0.017507	0.0514623	0.0390303	0.012686
W7151	W7151	-0.0222337	-0.0477328	0.0169007	0.0381566	-0.000687016	-0.0436256	0.0218923	-0.0217087	-0.0273236	0.00110222
W822Gse	W822Gse	-0.0200601	-0.0116198	0.00168237	-0.00688478	0.00101033	-0.0478397	0.00940328	-0.00775576	-0.00502343	-0.00481658
W85	W85	0.0211343	-0.0707223	0.0685457	0.026551	0.0123182	-0.00388944	0.0190923	-0.0695638	-0.019329	-0.00981805
WMT	WMT	0.0836932	-0.0157625	0.0413804	-0.0201169	0.033729	0.00807227	-0.0144155	0.0102011	-0.020545	0.0119494
WVG3	WVG3	-0.0173271	0.0343455	-0.0181699	0.0221603	0.0164698	0.0142517	-0.00985378	0.00122055	0.0330409	0.00533081
We01407	We01407	-0.0205456	0.0166798	-0.0216906	-0.0402202	0.00982719	-0.0356124	-0.00842318	-0.0111789	-0.00485031	-0.0079175
We02404	We02404	-0.0229083	0.0136734	-0.0195397	-0.0471509	0.00300525	-0.0320503	-0.0131849	-0.00763151	0.00286436	-0.0173808
We02406	We02406	-0.018113	0.0324561	-0.0200203	-0.0486065	0.0140936	-0.0383625	-0.017166	-0.0317861	0.0023837	-0.0208592
We02412	We02412	0.0250993	0.0345236	0.016888	-0.0162863	-0.0122929	-4.75389e-06	-0.00840007	-0.0100875	0.0214838	0.000860905
We03418a	We03418a	-0.0213496	0.00695313	-0.0155222	-0.0295363	0.0190555	-0.045586	0.00327279	-0.0384718	-0.0185039	-0.00056006
We04401	We04401	-0.0255713	0.0162411	-0.0213115	-0.0330916	0.00458682	-0.0522406	-0.0154054	0.00399781	0.0140321	-0.0136081
We05401	We05401	-0.0227753	-0.00499097	-0.00516576	-0.0211853	0.0177173	-0.091744	0.0148704	-0.0520008	-0.0365157	-0.00275164
We05408	We05408	-0.0327018	-0.0276631	-0.000727526	0.0479527	-0.0105902	-0.0179927	0.00240582	0.0325958	0.018573	0.0105642
We05411	We05411	-0.0198658	0.0296655	-0.016793	-0.0155747	0.0253379	-0.0695962	0.0017021	-0.0483033	-0.0291326	8.4652e-05
We06409a	We06409a	-0.0219726	0.0227641	-0.016709	-0.0101714	0.0140997	-0.035265	0.00327545	0.00694399	0.020186	0.0159352
We06410	We06410	-0.0206122	0.00661034	-0.00682841	-0.0129434	0.0122299	-0.0583865	0.0105326	-0.00905431	0.0165927	0.0158605
We17401	We17401	-0.017395	0.0136378	-0.018413	-0.0587838	0.0158046	-0.0502926	-0.0136531	-0.0306561	-0.0335773	-0.0184316
We17410	We17410	0.0556591	0.0570827	-0.00279063	0.0283487	0.0707378	0.0190305	-0.00912837	-0.0741087	-0.0134971	-0.0100585
We17418	We17418	-0.0120877	0.0714409	-0.0290253	0.0484458	0.074869	0.0831009	-0.0119536	-0.0620201	-0.140707	-0.00528114
We17421	We17421	0.00866774	0.0964736	0.00561874	0.0295736	-0.0245219	-0.05687	0.0198959	-0.146363	0.114414	-0.00986182
We17442	We17442	0.00939129	0.0807038	0.00772219	0.0487549	-0.0259045	-0.0378773	0.00705447	-0.106662	0.109498	-0.0137301
West_Brookfield_white_sweet	West_Brookfield_white_sweet	-0.016447	-0.0478566	0.0293778	0.0129471	-0.0100424	-0.00259233	0.00476085	-0.0120985	-0.0132785	-0.0163268
Wh00033	Wh00033	-0.0198859	0.0495749	-0.0269356	0.0425077	0.0215106	-0.0161727	-0.0117852	0.0242347	0.0310788	0.00950515
Wh00050	Wh00050	-0.0134492	0.0220657	-0.00987432	0.0226954	0.0388625	0.0558322	0.00395695	-0.0379201	-0.0991904	-0.00934958
Wh00051	Wh00051	0.00741089	0.0768261	-0.00284686	0.0384894	-0.00230422	0.0550734	-0.0322915	-0.0267397	-0.0856121	-0.0067533
Wh01001	Wh01001	0.0329032	0.0368111	0.026449	0.0335359	-0.0302692	-0.0268664	0.0235777	0.020949	0.0167548	0.0106539
Wh09087	Wh09087	0.0101911	0.0172466	-0.0140508	0.030304	0.0198243	0.00306758	-0.0302834	0.0416055	0.0265351	-0.000685695
Wh10804R	Wh10804R	0.0313543	0.024391	0.0178286	-0.034662	0.0179761	-0.0270919	0.0112559	0.00414148	-0.0176638	0.0285879
Wh14022A	Wh14022A	-0.0228901	-0.00141939	-0.00642396	-0.0152366	0.0153168	-0.0679004	0.0057226	-0.0305386	-0.0235444	0.000325016
Wh14100V	Wh14100V	-0.00803167	-0.00908352	-0.0258168	0.00692515	-0.00108089	-0.0308435	0.00740758	0.00475362	-0.0022821	0.00638939
Wh14201N	Wh14201N	-0.0212584	0.0283223	-0.0279904	-0.00257034	0.024204	0.00051571	-0.0218415	0.023198	-0.0103924	-0.00157725
Wh16003	Wh16003	-0.0050015	0.0790945	0.00398703	0.0447422	-0.0381069	-0.0310964	0.000494894	-0.0924163	0.096597	0.00169879
Wh16008	Wh16008	-0.0100153	0.0413993	0.000223979	0.0172665	-0.0171191	-0.0343985	0.0057739	-0.0557676	0.0631018	0.00295009
Wh16012	Wh16012	0.0121439	0.102946	0.00802026	0.0629269	-0.0269818	-0.015824	0.017048	-0.1338	0.103174	-0.00412445
Wh16015B	Wh16015B	0.0160972	0.11821	0.00620201	0.0581633	-0.0268702	-0.0192418	0.00280032	-0.151705	0.0806777	0.000273936
Wh16042	Wh16042	-0.0227633	-0.0118168	0.00161794	-0.026977	0.0146321	-0.0902042	0.0138415	-0.058578	-0.0352361	-0.00659714
Wh16044	Wh16044	-0.0192817	-0.00411634	-0.00122471	-0.0119069	0.00900502	-0.0823795	0.0188157	-0.0486738	-0.0140106	0.00618609
Wh17027A	Wh17027A	-0.0245564	-0.0218092	0.00391656	-0.0209293	0.0031664	-0.0738421	0.0122654	-0.0432288	-0.0349178	-0.0171354
Wh17031R	Wh17031R	-0.0201947	0.0200863	-0.0121165	-0.0156744	0.00200121	-0.0575454	-0.00248958	-0.00126677	0.0118508	0.00510461
Wh17048V	Wh17048V	0.00310933	0.0820529	-0.0206216	0.0524903	0.0755663	0.0844784	-0.0206748	-0.0704569	-0.114169	-0.0276669
Wh17070V	Wh17070V	0.00719379	0.0704054	-0.00894747	0.0458614	0.0579971	0.0308418	0.0104419	-0.0660221	-0.0340422	-0.0386148
Wh9261	Wh9261	-0.0215251	-0.0442277	0.0168996	0.0514332	0.000462552	-0.0399571	0.0322721	-0.022883	-0.0108462	-0.000784666
Wh93006	Wh93006	-0.0102279	0.0469078	-0.0154892	0.0274028	0.0706375	0.111696	-0.000717551	-0.0748685	-0.172131	-0.0168538
Wh93016	Wh93016	-0.0173028	0.0460024	-0.0233515	0.0419371	0.0612298	0.0728172	-0.00897907	-0.0444936	-0.111537	-0.0110695
Wh93017	Wh93017	-0.0210136	0.0232123	-0.0164138	0.0442067	0.0447581	0.0190582	-0.00620744	-0.0482307	-0.102946	-0.00457063
Wh94053	Wh94053	-0.0155633	-0.0162544	0.0103417	0.0327794	0.00703063	-0.0275399	0.0253588	-0.0302364	-0.00778026	-0.00782015
Wh95016a	Wh95016a	-0.0200312	-0.0219678	0.00482242	0.0188138	-0.00165964	-0.0161299	0.0167422	-0.00133468	0.00851748	0.00600573
Wh96011	Wh96011	-0.0181789	-0.0149531	0.00684492	0.0161442	-0.00103575	-0.000769958	0.0119467	-0.0202335	-0.00577299	0.00590249
Wh96015	Wh96015	-0.00323313	0.0358775	-0.00741469	0.0475325	0.0314634	0.00661254	-0.00348298	-0.0187153	-0.065477	0.00468641
Wh96034	Wh96034	-0.00898527	-5.9091e-05	0.00575335	0.0201494	0.00569996	-0.00257415	0.0148091	0.00855137	-0.0308661	0.00950389
Wh98044	Wh98044	-0.0211236	0.0398346	-0.0276649	0.0271311	0.0241112	0.0360894	-0.0192451	0.00906956	-0.0445134	-0.00328504
Wh98063	Wh98063	-0.021977	-0.00880074	-0.012469	0.0319822	0.00593687	-0.0462972	-0.00159753	0.0399998	0.00795065	-0.000195807
Whipples_White	Whipples_White	-0.0151586	-0.0448746	0.0252799	-0.000357752	-0.00976915	0.0153473	0.00946742	-0.0188449	-0.0087029	-0.00784132
Whipples_Yellow	Whipples_Yellow	-0.0187033	-0.0504442	0.0260675	0.0213636	-0.00503858	0.00869706	0.00850852	-0.0187585	0.000460618	-0.0068459
Wu00801	Wu00801	-0.0216233	0.0131908	-0.0176318	0.0218738	0.0125826	0.0106436	-0.00910817	0.0202243	0.0228125	0.00308265
Wu00802	Wu00802	-0.0218866	0.0117386	-0.0167331	0.020026	0.0113463	0.0102543	-0.00845063	0.0205707	0.0243007	0.00306893
Wu99811	Wu99811	-0.0163248	-0.0019647	0.00209076	0.0132662	-0.0291744	0.0183405	-0.0176477	0.0408867	-0.00955081	-0.000196471
Wu99823	Wu99823	-0.0193224	0.0327794	-0.0229958	0.0407703	0.0198952	0.00180123	-0.0207394	0.0274341	0.0224173	0.00814147
Wuh07183i	Wuh07183i	-0.028123	-0.0131317	-0.00203756	0.0161516	0.0119492	-0.0893741	0.0186417	-0.020073	-0.0146935	0.00207898
Wuh09188i	Wuh09188i	-0.0299131	-0.00807774	-0.00632475	-0.0145511	0.00472882	-0.0984711	0.0175307	-0.0280685	0.000180754	0.00553763
Z07_001	Z07_001	0.102905	-0.0433587	0.0469424	0.00141466	0.0971501	-0.000295057	-0.138185	0.00140957	0.0625828	-0.0355605
Z07_002	Z07_002	0.123146	-0.0555183	0.0625478	-0.000420201	0.113427	-0.00945842	-0.155531	-0.0105931	0.0719909	-0.0412252
Z07_003	Z07_003	0.109963	-0.0494262	0.0512585	0.00203787	0.0990348	-0.00390737	-0.146402	-0.00144053	0.0663112	-0.0333988
ZapaloteChico	ZapaloteChico	0.117327	-0.0264067	0.0260829	-0.00586035	0.0809632	-0.00460359	-0.0992852	0.015271	0.0460314	-0.010335
Zarya123	Zarya123	-0.0195512	-0.0449884	0.0210635	0.031523	-0.00219801	-0.0150454	0.0135416	-0.0147219	-0.0202438	-0.00322116
we04806	we04806	-0.0180898	0.0322036	-0.0182569	-0.0155085	0.00160536	-0.0392865	-0.0117223	0.0260471	0.020487	0.00459842
we04819	we04819	-0.0190259	0.030633	-0.0183628	-0.0200202	-5.20079e-05	-0.0423189	-0.0117705	0.0152831	0.0207358	0.00414045
we05407	we05407	-0.0230094	-0.01824	0.00463314	-0.00630387	0.0105774	-0.0624494	0.0197075	-0.0525132	-0.0367616	-0.00887978
we05410	we05410	-0.0244608	0.0104226	-0.00981386	-0.0211704	0.0149278	-0.0799895	0.00911186	-0.0457934	-0.0204088	0.000284427
we07403a	we07403a	-0.0272035	0.0200407	-0.0208065	0.00786293	-0.00940577	-0.0236897	-0.0164916	0.0379984	0.0226244	-0.00402026
we08405	we08405	0.00789933	0.00145835	0.0123838	-0.00894091	0.0142805	-0.0685967	0.023078	-0.0209183	-0.0214714	0.0304258
we08408	we08408	-0.0275921	-0.0432763	0.0131351	0.0456669	-0.00204264	-0.0396595	0.0227314	-0.0126105	-0.0221611	0.00269311
we08414a	we08414a	-0.0184793	0.0218048	-0.0188551	-0.00682348	0.00359361	-0.0381516	-0.0103543	0.0273654	0.0234518	-0.00199905
we08417a	we08417a	-0.014635	0.0337219	-0.0173934	-0.0145944	0.00316462	-0.0424038	-0.0132391	0.0195735	0.0223272	0.00739158
we08424	we08424	-0.0268408	0.0182425	-0.0236289	0.00906577	0.0221448	-0.0296255	-0.00976092	-0.0011461	-0.00336003	-0.00253129
we09402	we09402	-0.0239687	-0.00217791	-0.00497508	-0.0344063	0.00576878	-0.0710146	0.00223678	-0.0244791	-0.00543369	-0.00307941
we09413	we09413	0.00601335	-0.00492285	-0.0493516	0.0213787	-0.000541124	-0.0342484	0.0152453	-0.00514982	0.0112421	0.00312676
we09425	we09425	-0.0191261	0.00431775	-0.0104224	-0.0224367	0.00268535	-0.0312973	-0.0111487	0.00931716	0.00411578	-0.00337508
we10401	we10401	0.0197649	0.00798314	0.0105391	-0.0268928	-0.00339305	-0.0285556	-0.00530856	0.010567	-0.00965776	0.0162062
we1095407-2	we1095407-2	-0.0223046	0.00812859	-0.00571092	0.00215519	0.00966783	-0.0256074	0.00752751	-0.0138868	0.0240105	0.0159853
we11401	we11401	-0.0231731	0.0558299	-0.0332405	0.00927456	0.0231776	-0.0212179	-0.0161851	0.0022069	0.037261	0.00119095
we11405	we11405	-0.0210139	-0.00151803	0.00060514	-0.0092926	0.00140925	-0.0217971	0.00518169	-0.0182453	0.0140167	0.00355892
we11408	we11408	-0.0262066	0.0111301	-0.0199325	-0.0339519	0.00482561	-0.0435553	-0.0109663	0.00620062	0.00497167	-0.00963081
we11416	we11416	-0.00848327	0.00750006	-0.0129007	-0.0163266	-0.00555454	-0.0149134	-0.0275282	0.0251956	-0.00175271	-0.0105882
we12401	we12401	-0.0191423	-0.00374578	-0.00366521	-0.0767769	-0.013561	0.0734403	-0.00679136	-0.0129648	0.0106404	-0.0357607
wh03031	wh03031	-0.0148475	0.0119118	-0.012087	0.0258184	0.00596422	-0.00419507	-0.00415544	0.0349713	0.014586	0.00787942
wh04020a	wh04020a	-0.0322097	-0.0034328	-0.0145199	0.0106854	0.00274805	-0.0336248	-0.00378268	0.0198523	0.0102628	-0.00336218
wh04036VW	wh04036VW	0.0314751	0.0827605	0.00144347	0.0516429	0.0615435	0.0491413	0.0189221	-0.0705467	-0.00858502	-0.0522124
wh05032a1	wh05032a1	-0.0192625	0.0360749	-0.0234278	0.00420351	0.033466	0.025087	-0.0140417	-0.0185268	-0.0550008	-0.0113959
wh05051	wh05051	-0.0268569	0.0390356	-0.029567	0.00853587	0.0198861	-0.014128	-0.0176652	0.0157722	-0.00626165	-0.00336069
wh05066a	wh05066a	-0.0190337	0.0305794	-0.0214917	0.019978	0.023645	0.0296768	-0.0140085	0.0143184	-0.018037	8.70715e-05
wh05070a	wh05070a	-0.0169062	0.034656	-0.0220702	0.0315	0.0266901	0.0147943	-0.0102659	0.00422988	-0.0259114	0.00300754
wh07013	wh07013	-0.0106645	0.000490459	-0.00547269	-0.00222064	0.00830402	-0.0500259	0.00211324	0.0106641	-0.000684008	0.00786879
wh07020a	wh07020a	-0.0221034	0.0290801	-0.0233146	0.00519925	0.0314263	-0.0314483	-0.00595296	-0.0245299	-0.0489971	-0.00367563
wh07029	wh07029	-0.00142232	0.0215071	-0.00356317	0.0396089	0.0305742	0.0175906	0.00955233	-0.0314947	-0.0510532	-0.00116387
wh07051	wh07051	-0.00566393	0.0823271	-0.0220272	0.0463762	0.0335158	0.0705724	-0.0279529	-0.0414733	-0.0951476	-0.00477518
wh07061a	wh07061a	-0.0051468	0.0676556	-0.0239714	0.039681	0.0342606	0.0530275	-0.0282983	-0.0183276	-0.0927413	0.00205682
wh07061b	wh07061b	-0.00264974	0.0702914	-0.0220997	0.0430552	0.0351339	0.0550385	-0.0279438	-0.021957	-0.0963485	0.00253813
wh07165R	wh07165R	-0.00624246	0.0549478	-0.014679	0.0291358	0.0541007	0.0676002	-0.00489469	-0.0458628	-0.115703	0.00444835
wh07166R	wh07166R	-0.00598667	0.05205	-0.0121539	0.0261326	0.0577712	0.0702731	0.00404926	-0.0571864	-0.117785	0.00679933
wh08022	wh08022	-0.0278813	-0.0101054	-0.00892262	0.0188232	0.00584262	-0.047773	0.00130732	0.0107777	0.00450249	-0.00144231
wh08039	wh08039	0.0148434	0.00183697	-0.0024783	-0.0232556	0.0110142	-0.0355814	-0.0164274	0.00416415	0.0265038	-0.0131502
wh08042	wh08042	-0.0241087	0.0166963	-0.0202979	0.0121976	0.0200754	0.0163911	-0.00984379	0.00759478	-0.01707	-0.00284908
wh08045	wh08045	-0.00679509	0.0257802	-0.0162264	0.0328429	0.0201194	0.00564836	-0.0250264	0.0319091	0.00669646	0.00491422
wh08092	wh08092	-0.00118003	0.0138888	-0.0118521	0.0202879	0.0152619	-0.0364593	-0.00879741	0.0117312	0.0275205	-0.00182083
wh08114	wh08114	-0.00212625	0.0138483	-0.0125254	0.0207354	0.0148579	-0.0327138	-0.00929347	0.0135131	0.0274099	-0.0020741
wh09009	wh09009	-0.0165283	-0.00515847	-0.000906906	-0.000227639	0.00572287	-0.0427743	0.00523232	0.0172849	-0.00194005	-0.00890815
wh09033	wh09033	-0.0229118	-0.0111644	-0.00416957	0.00803194	-7.08467e-05	-0.0287423	0.0032077	0.0276047	0.0128219	-0.000616045
wh09068	wh09068	-0.00954413	0.0137809	-0.0118285	-0.105141	0.00587934	9.97919e-05	0.00107266	-0.0265516	-0.002218	0.0110456
wh09083	wh09083	-0.0215397	0.00531891	-0.0144456	0.00788719	0.00697633	-0.00550831	-0.0139389	0.0155542	0.000701221	-0.00822394
wh09086	wh09086	-0.0201269	0.0244156	-0.0245098	0.0277746	0.0143141	0.0106648	-0.0184792	0.0379593	0.0227539	0.00166145
wh09117R	wh09117R	0.0637494	0.00318903	0.000698941	0.0215781	0.0360544	2.21635e-05	-0.0432205	0.00887605	0.0314544	0.00975009
wh09126R	wh09126R	-0.0241769	0.0193406	-0.0241178	0.0308596	0.0221429	0.00513057	-0.00993886	0.0191525	-0.00731517	0.0043474
wh09137R	wh09137R	-0.0234665	-0.00990452	-0.00225518	0.0448405	0.00731399	-0.00711276	0.00596367	-0.00334595	-0.0204444	0.00560132
wh09141R	wh09141R	-0.00893364	0.0293079	-0.0102019	0.0295468	0.048187	0.0546791	0.00241489	-0.0459053	-0.117084	-0.00506429
wh10006R	wh10006R	0.0561277	0.0556441	0.0170545	0.0361305	0.0722856	0.0311108	0.0335899	-0.0521755	-0.0261787	-0.055479
wh10034R	wh10034R	-0.019671	-0.00567404	0.000697214	0.0281904	0.00516183	-0.0167932	0.01198	-0.00492322	-0.00169334	-0.00151613
wh10035R	wh10035R	-0.0267266	-0.00099826	-0.0128517	0.0106866	0.0139896	-0.0728951	0.00938626	-0.00652422	-0.00436656	0.00431926
wh10040R	wh10040R	-0.0242421	0.0357993	-0.0300383	0.00447351	0.0265871	-0.0160665	-0.012653	-0.00661021	-0.0263104	-0.0019361
wh10046R	wh10046R	-0.0062022	0.0369988	-0.0177258	0.0135228	0.0194639	-0.00912531	-0.0100206	-0.024024	-0.0330589	-0.00529562
wh10049R	wh10049R	-0.0226926	-0.00386476	-0.00782359	0.0219034	0.0023759	-0.005951	0.00896431	0.0157528	0.0130024	0.00105308
wh10052Ra	wh10052Ra	0.0174922	0.0129967	0.00511501	-0.00148413	0.00488556	-0.0130279	0.00800897	-0.0102127	-0.021429	-0.00234468
wh10057R	wh10057R	-0.00484111	0.060692	-0.0181991	0.0134907	0.0430962	-0.000580311	-0.0154046	-0.0366293	-0.0725915	0.00109993
wh10062R	wh10062R	-0.016264	0.0467783	-0.0229	0.0417443	0.0631595	0.0741768	-0.00867643	-0.0476236	-0.115151	-0.0107496
wh10067R	wh10067R	-0.0180644	0.0346638	-0.0184062	0.0267321	0.0501674	0.0770571	-0.00285815	-0.0406435	-0.112013	-0.00988029
wh10068R	wh10068R	-0.00908792	0.0440139	-0.0134292	0.0266222	0.0593825	0.0970452	-0.00111993	-0.0581556	-0.14712	-0.0137311
wh10070R	wh10070R	-0.0158209	0.0702108	-0.035452	0.0406007	0.0620093	0.0712858	-0.0238376	-0.0328031	-0.112181	-0.00610453
wh10080	wh10080	-0.0163085	0.0202796	-0.0184886	-0.13119	0.00327231	-0.0377294	-0.0150509	-0.030517	-0.0150204	-0.0142757
wh10088R	wh10088R	-0.0110988	0.0754059	-0.0374443	0.0463437	0.0618001	0.0687842	-0.0248913	-0.0273171	-0.106788	0.00190372
wh10090R	wh10090R	0.0139086	0.0347791	0.00727137	0.0228488	0.0216708	0.0255638	0.00605437	-0.004623	-0.0357922	0.0358687
wh10105R	wh10105R	-0.0183251	0.00624871	-0.0114791	0.0220514	-0.00594312	-0.01621	-0.000963341	0.0473789	-0.00122041	-0.0011773
wh10113R	wh10113R	-0.0119976	0.01763	-0.0112285	0.0370796	0.0316687	-0.00429574	-0.00341615	-0.00691061	-0.0318424	0.00734417
wh10117R	wh10117R	-0.0235069	0.00357294	-0.014798	0.0222204	0.00615167	-0.00371583	-0.00855933	0.0284691	0.004547	-0.000488498
wh10127R	wh10127R	0.0131324	0.0208787	-0.00733286	0.0141292	0.0211245	-0.00939814	0.0169282	0.0314744	0.0255901	0.0202032
wh10135R	wh10135R	0.0335049	0.0021251	0.0273251	0.0282596	0.00765881	-0.015236	0.0395867	0.0269681	0.0013749	0.0636607
wh10137R	wh10137R	-0.00228549	0.0212723	-0.0126598	0.0174337	0.00959318	-0.0124839	0.00352819	0.0488698	0.0125983	0.00488476
wh10140R	wh10140R	-0.0226656	0.0157437	-0.0107439	0.0429245	0.0390706	0.0222955	-0.00233496	-0.0500169	-0.0950389	-0.00048415
wh10163	wh10163	0.0324307	0.0242388	-0.00118843	0.0169945	0.0474832	0.0412136	-0.0145053	-0.0307579	-0.0465449	-0.0154006
wh10173V	wh10173V	0.0105227	0.0552648	-0.00684013	0.0260886	0.0269871	0.00855918	-0.00621897	-0.00620464	-0.00191531	-0.0207555
wh10216V	wh10216V	0.00279205	0.0754772	-0.0185581	0.0514792	0.0563148	0.0613539	-0.0152773	-0.0556433	-0.0587385	-0.0215196
wh10231V	wh10231V	0.0194333	0.0877797	-0.00789472	0.0564882	0.071958	0.0645818	0.0158132	-0.0740778	-0.0447511	-0.0534257
wh11001	wh11001	-0.0291099	-0.0188204	-0.00135677	0.0104641	-0.0137709	0.0220067	-0.00219367	0.0387246	0.0201142	-0.00454196
wh11005	wh11005	0.00425855	0.0079304	-0.0162931	0.0218214	0.0214936	0.0110276	-0.0323407	0.0349751	0.0159418	-0.000727015
wh11008	wh11008	0.005178	0.0150662	-0.0154659	0.0219302	0.0388749	0.016119	-0.0220123	0.0269894	0.0124233	0.0137089
wh11017a	wh11017a	0.0165962	0.0108515	-0.00394911	0.00158506	0.018202	-0.0100874	-0.0328471	0.0297198	0.00709461	-0.00125916
wh12001	wh12001	0.0109492	0.094014	0.0116595	0.0503887	-0.0311135	-0.02645	0.0195124	-0.135337	0.132113	0.0102978
wh12004	wh12004	-0.0216096	0.00628875	-0.0153244	-0.00248449	0.0124308	-0.0693919	0.00962647	0.000432432	0.0288412	-0.00304093
wh12005	wh12005	-0.0250463	-0.000548867	-0.0118165	-0.0343899	0.00527856	-0.00535711	-0.00192362	-0.00803951	-0.00506767	-0.00995999
wh12008	wh12008	0.00130246	0.00399773	-0.0542787	0.0231011	-0.00514722	0.00169477	-0.0158108	0.0298965	0.025136	-0.00267216
wh12014	wh12014	0.0105468	0.0876608	0.00777414	0.0194585	-0.0235002	0.0160402	0.0164946	-0.120452	0.110986	-0.00136076
wh12048V	wh12048V	0.00199486	0.0855517	0.00268963	0.0183795	-0.00891281	0.00618938	-0.000171454	-0.0984481	0.0462562	-0.00326922
wh13022A	wh13022A	0.0222199	-0.0160172	-0.0778729	-4.54641e-05	-0.0161884	-0.0199516	0.0145214	-0.0007992	-0.00202242	0.00261282
wh13037	wh13037	-0.0339924	0.00655555	-0.0244405	-0.00662828	0.00408301	-0.0479947	-0.00550446	0.0236708	0.0190808	-0.00669678
wh13040	wh13040	0.0568016	-0.0382337	-0.116664	0.0150452	-0.055433	0.000579875	0.0380176	-0.001678	-0.00757276	0.00983801
wh13041	wh13041	0.0293944	-0.00631746	-0.0489479	0.0136656	0.00109198	-0.00411443	-0.00393902	0.00487428	0.00904066	-0.00577971
wh13048	wh13048	-0.017004	0.0259294	-0.00990541	0.0035924	0.0322076	0.0151445	0.00573497	-0.0319398	-0.0540967	0.00090832
wh13053	wh13053	0.00418224	0.0813965	0.00168642	0.0517508	-0.0172112	0.00282779	0.00427001	-0.0799904	0.0558324	-0.00275654
wh13063A	wh13063A	0.0233531	0.104673	0.0134292	0.0625924	-0.0230376	-0.00337704	0.0129076	-0.117622	0.110743	0.0172732
wh13064	wh13064	0.0202094	0.098226	0.0185567	0.0585195	-0.0320561	0.000231989	0.0161054	-0.117168	0.113357	0.0186385
wh13070	wh13070	-0.013	0.0116648	-0.00562996	-0.0250969	0.00678785	-0.0412064	0.0025357	-0.00574659	-0.0187502	0.000113754
wh13074A	wh13074A	-0.0179122	-0.0615479	0.0369117	0.0232202	-0.0113643	-0.00878664	0.0214141	-0.0298361	-0.020232	-0.00237886
wh14022B	wh14022B	-0.0247579	0.00177047	-0.0114992	-0.00687759	0.0135382	-0.0521927	0.00245337	-0.0101777	-0.0121622	-0.000365779
wh14082V	wh14082V	0.0388898	-0.0113987	-0.0545447	0.0272753	-0.00737358	-0.0126382	0.00173553	-0.0286647	-0.0147498	-0.00644112
wh14101V	wh14101V	0.0133093	-0.0122288	-0.0466345	0.0017344	-0.00268964	-0.023331	0.00623587	0.00425484	-0.00810637	0.00722647
wh14102V	wh14102V	0.0153579	-0.0124042	-0.0445295	-0.00108622	-0.0028405	-0.0256979	0.00664961	0.00188181	-0.0105496	0.00770337
wh14113V	wh14113V	0.00589279	-0.00634112	-0.047455	0.0220411	0.00166136	-0.0346626	0.0178995	-0.0111667	0.00782022	0.00392702
wh14119V	wh14119V	-0.0192188	0.00311628	-0.00940694	0.0187121	0.0107896	0.00812399	-3.32383e-05	0.0246591	0.022842	0.0134484
wh14202N	wh14202N	-0.0167717	0.0308743	-0.0263535	-0.00775212	0.0287519	-0.00472628	-0.0231303	0.016534	-0.0193882	-0.00176597
wh14210N	wh14210N	-0.0216286	0.0290787	-0.0241495	0.0233646	0.0245193	-0.00612052	-0.0132718	0.0182083	-0.0174634	-0.000316039
wh92047	wh92047	0.0310527	0.147615	0.0223497	0.0726623	-0.06374	-0.00760636	0.0136298	-0.175706	0.17431	-0.00103769
wu07812	wu07812	-0.0067555	0.0236226	0.000389463	-0.00743345	-0.00630651	-0.0561013	-0.00558961	0.00162511	0.021548	0.0123247
wu10802R	wu10802R	-0.00201301	0.0241163	-0.0173846	-0.00935472	0.0117847	-0.00446141	-0.00059571	0.0463233	0.0123973	0.00886566
wu10804R	wu10804R	0.0272125	0.0235623	0.0148808	-0.0316573	0.0170099	-0.0244705	0.00849525	0.0072758	-0.0145687	0.0271114
wuh07177i	wuh07177i	-0.0178851	0.0691906	-0.0383339	0.0458664	0.0579975	0.0704465	-0.0255105	-0.0236688	-0.0996484	-0.0032504
wuh07182i	wuh07182i	-0.0289664	-0.00972494	-0.00514925	0.0156295	0.0128212	-0.0862109	0.0151689	-0.0166302	-0.0159663	0.000440941
wuh07186i	wuh07186i	-0.0143586	0.019051	-0.0187608	0.0105858	0.0197728	-0.0503924	0.00141696	0.0371121	0.0423637	-0.00518017
wuh07422i	wuh07422i	-0.00746326	0.020682	-0.00160116	-0.0212104	-0.0103559	-0.0202295	0.00883868	0.0464982	-0.00201207	-0.0199858
wuh07428i	wuh07428i	-0.0266137	-0.00491501	-0.00390397	-0.0248577	0.00129936	-0.0611105	0.00772848	-0.015287	-0.00231889	-0.00788946
wuh07429i	wuh07429i	-0.0224205	0.0198473	-0.0151858	0.0245284	0.0165543	-0.0235966	-0.00580164	0.0104275	0.0119082	0.0093912
wuh07466i	wuh07466i	-0.025156	-0.0166655	-0.00120318	-0.00484432	0.00613691	-0.0941103	0.021357	-0.0316607	-0.0110587	0.00156087
wuh07469i	wuh07469i	-0.0125029	0.00996611	-0.0106811	0.0143183	0.010292	-0.0552815	-0.00207333	0.0459578	0.0223966	0.000249198
wuh07481i	wuh07481i	-0.0268555	0.0258265	-0.027009	-0.0222729	0.0116784	-0.0444171	-0.0145907	0.0244902	0.0257879	-0.00329273
wuh07492i	wuh07492i	0.0113492	0.108428	0.00612295	0.0556015	-0.0331297	0.00670918	0.013962	-0.118338	0.131013	0.000928607
wuh08127ia	wuh08127ia	-0.0147481	0.0746237	-0.0384197	0.0485033	0.0637944	0.0750574	-0.0267884	-0.0324103	-0.113472	-0.00316367
wuh09093i	wuh09093i	-0.0164576	-0.043204	0.0183388	0.0351186	-0.00671654	-0.0235045	0.0124654	0.00104687	-1.05408e-07	-0.00103375
wuh09097i	wuh09097i	-0.0266534	0.00936265	-0.0233976	-0.0165324	0.0106304	-0.0569908	-0.00070867	0.0139656	0.00554591	-0.00916253
wuh09098i	wuh09098i	-0.0271418	0.000420333	-0.0164544	-0.00621126	0.010778	-0.0697412	0.00409054	0.0155879	-0.000718266	-0.0154278
wuh09144i	wuh09144i	-0.0283306	0.0034034	-0.0177613	0.00380708	0.0052607	-0.0265598	0.00141997	0.0236841	0.0198585	-0.00671249
wuh09149i	wuh09149i	-0.0322629	0.0188154	-0.0310531	-0.00528644	0.00728616	-0.0251192	-0.012165	0.0354611	0.0235321	-0.00827529
wuh09150i	wuh09150i	-0.0258979	0.0147861	-0.0214897	-0.0148219	0.00581854	-0.0413592	0.00143219	0.0163125	0.0189476	-0.00666073
wuh09153i	wuh09153i	-0.0283132	0.0186863	-0.0286489	0.0095449	0.00434588	-0.0133836	-0.0113453	0.044352	0.0234027	-0.00796168
wuh09164i	wuh09164i	-0.0232728	0.0220395	-0.0172307	0.0253634	0.0220757	-0.0326368	-0.000872671	0.00988369	0.0100769	0.0110426
wuh09170i	wuh09170i	-0.0249347	-0.00386197	-0.0101422	0.00790556	0.015042	-0.0840619	0.0147523	-0.0144859	-0.0109081	0.006499
wuh09174i	wuh09174i	-0.0162985	0.010688	-0.0154418	0.0161152	0.00851434	-0.0493542	-0.00442237	0.0473479	0.01941	-0.000268208
wuh09183i	wuh09183i	-0.0224073	0.00776283	-0.018611	0.0148362	0.0144107	-0.0536237	-0.00237469	0.0408415	0.0235312	0.00486387
wuh09191i	wuh09191i	-0.0322272	0.00700243	-0.0210645	0.00190509	0.00789881	-0.0496664	-0.00401935	0.0181125	0.0121917	-0.00392457
wuh11801i	wuh11801i	-0.0318411	0.0196167	-0.0332355	-0.00815912	0.010663	-0.0396292	-0.0122185	0.0409391	0.0331293	-0.00613808
wuh11809i	wuh11809i	-0.0265089	0.00861313	-0.0168556	0.00161661	0.0105586	-0.0570013	-0.00128693	0.00296497	0.00253542	-0.00294897
wuh11810i	wuh11810i	-0.0233872	0.0176528	-0.0202202	-0.0230131	0.00154181	-0.0243179	-0.0085061	0.0175858	0.0164936	-0.00752112
wuh11811i	wuh11811i	-0.00629749	0.0307649	-0.0126311	-0.0156667	0.013536	-0.0496025	0.0242788	0.0267249	0.0400128	-0.0196845
wuh11812i	wuh11812i	-0.00916506	0.0300877	-0.0148471	-0.00914509	0.0141741	-0.0425571	0.0225126	0.0271266	0.04009	-0.012403
wuh11813i	wuh11813i	-0.0230433	0.0253676	-0.0243947	-0.0396965	0.00207332	-0.0396244	-0.0110091	0.0349537	0.0141825	-0.00735107
wuh11816i	wuh11816i	-0.0195925	0.00587266	-0.0197738	-0.013173	0.00402808	-0.0211273	-0.009165	0.0188918	0.0072255	-0.00663397
wuh12018i	wuh12018i	0.009089	0.0914727	0.00518052	0.0362182	-0.0173	0.0216356	0.0156325	-0.111936	0.107241	-0.00205566
wuh12019i	wuh12019i	-0.0217554	0.0164008	-0.015836	0.0166729	0.00960209	-0.0383767	-0.000387014	0.0324716	0.0366072	0.00168375
wuh12020i	wuh12020i	0.00825831	0.0293802	0.000334568	0.0247697	0.0159164	0.00306261	0.00562479	0.0173184	0.00640942	0.0378502
wuh12027i	wuh12027i	-0.02671	0.0088481	-0.0168975	-0.00537016	0.00510235	-0.0460454	-0.0015092	0.011256	0.00103824	-0.00969188
wuh12035i	wuh12035i	-0.0248467	0.0128282	-0.0218108	-0.0326812	0.0110822	-0.0486825	-0.00331262	0.000824282	-0.0047202	-0.00884751
wuh12037i	wuh12037i	-0.0260731	0.00648505	-0.0131961	-0.0135248	0.0131643	-0.057752	0.00106508	-0.0121173	-0.0127394	-0.00362941
wuh12039i	wuh12039i	-0.0236364	0.0172063	-0.0198488	-0.0158136	0.0192713	-0.0458695	-0.00295476	-0.014379	-0.00983158	-0.00380415
wuh98032	wuh98032	-0.0214178	0.0365432	-0.0247839	0.00774207	0.0399851	-0.022805	-0.00770385	-0.0372637	-0.0588566	-0.00308816
